73,82,72,82
72,82
72,82
72,82
73,82,72,82
73,82,15,82,72,82
73,82,15,82,72,82
73,82,15,82,72,82
73,82,15,82,15,82,72,82,14,82,14,82
73,82,15,82,72,82,14,82
73,82,15,82,15,82,72,82
73,82,15,82,15,82,72,82
73,82,15,82,15,82,72,82
73,82,15,82,72,82
73,82,15,82,72,82
82,30,82,15,82,7,104,8
64,82,7,82,8,16
82,30,11
82,15,82,14
82,15,82,14
12
63,82,7,82,8,16
82,15,82,30,82
82,15,82,30,82
82,15,82,30,82
82,15,82,30,82
82,15,82,30,82
63,82,7,82,8,16
107
82,15,82,30,11,12
82,15,82,30,11,12
82,15,82,30,11,12
82,15,82,30,11,12
82,30,11,12
60,82,54,82,15,82,16
82,30,82,7,82,8
61,16
82,30,82,7,8
62,82,79,82,16
56,82,15,82,16
56,82,15,82,7,82,8,16
82,15,82,7,104,14,82,14,82,8
57,16
82,15,82,7,104,14,82,8
69
56,82,7,82,14,104,8,16
82,15,82,7,82,15,82,8
56,82,7,82,14,104,8,16
82,15,82,15,82,7,82,15,82,8
56,82,7,82,14,104,8,16
82,15,82,15,82,7,84,14,82,15,82,8
56,82,7,82,14,104,8,16
82,15,82,15,82,7,84,14,82,15,82,8
56,82,7,82,14,104,8,16
82,15,82,15,82,7,84,14,82,15,82,8
82,15,82,30,82
63,82,7,82,14,82,8,16
82,30,82,7,82,14,104,14,82,7,8,8
60,82,54,82,15,82,7,8,16
56,7,82,15,82,11,104,12
51,82,15,82,52,54,82,8,16
82,30,82,15,82,7,82,30,82,15,82,8,7,82,8
70,82
63,82,7,82,14,82,14,82,14,82,8,16
61,16
82,14,82,30,82,15,82,7,82,8
82,30,82,7,82,14,22,82,8
62,16
82,15,82,15,82,7,82,30,82,15,82,14,82,30,82,8
82,30,82,15,82,7,82,14,82,14,82,15,82,7,8,8
70,82
63,82,7,82,14,82,8,16
105
82,30,82,15,82
82,15,82,7,82,8
82,30,82,15,82,7,104,14,82,8
61,16
82,30,82
60,82,54,82,15,82,16
82,30,82,7,82,8
56,82,16
68
56,82,53,82,16
56,82,7,82,14,104,8,16
82,30,82,15,82
82,15,82,7,82,8
82,30,82,15,82,7,104,14,82,8
82,30,82,15,82,7,82,15,82,8
82,14,82,14,82,30,82
82,15,82,30,82
60,82,54,82,15,82,16
82,30,82,7,82,14,82,14,82,14,82,8
56,82,16
68
56,82,53,82,16
82,30,82,15,82,7,82,8
61,16
82,30,82,7,82,14,19,82,14,22,82,8
62,82,79,82,16
60,82,54,82,15,82,16
82,30,82,7,82,14,82,8
56,82,16
68
56,82,53,82,16
75
56,82,53,82,16
56,82,7,82,14,82,15,82,8,16
82,30,82,15,82
57,16
82,30,82,15,82,15,82,17,104
75,82,7,105
25,7,82,15,82,14,82,8,8
56,82,7,82,14,104,8,51,82,7,82,15,82,8,16
60,82,54,82,15,82,16
82,30,82,7,82,14,82,8
56,82,53,82,16
75,82,7
105
105
25,7,82,15,82,15,82,15,82,8,8
82,30,82,15,82,7,8
62,82,15,82,79,82,16
82,15,82,7,104,14,82,15,82,14
82,30,9
104,16,84,14
104,16,82
10,8
56,82,15,82,16
82,30,82,15,82,7,82,14,82,8
57,16
82,30,82,15,82,7,82,14,82,14,84,8
62,82,16
82,15,82,7
104,14,82,15,82,14
82,30,9
104,16,84,14
104,16,82
10,8
82,30,82,15,82,7,82,14,82,14,84,8
62,82,16
82,15,82,7
104,14,82,15,82,14
82,30,9
104,16,84,14
104,16,82
10,8
82,30,82,15,82,7,82,14,82,14,84,8
62,82,79,82,16
82,30,82,15,82,7,104,25
82,15,82,15,82,8
82,15,82,7
82,7,82,8,14
82,30,9
104,16,84,14
104,16,82
10,8
56,82,15,82,16
70,82,15,82,7,82,14,19,82,15,82,7,8,14,82,30,84,8
82,30,82,15,82,7,82,14,82,14,84,8
62,82,16
75
62,16
82,15,82,15,82,7,82,30,82,15,82,14,82,30,82,8
82,30,82,15,82,7,82,14,82,14,82,15,82,7,8,8
61,16
60,82,54,82,15,82,16
82,30,82,7,82,14,82,8
56,82,53,82,16
75,82,7
105
105
25,7,82,15,82,15,82,15,82,8,8
82,30,82,15,82,7,82,14,82,8
62,16
82,15,82,15,82,7,82,30,82,15,82,14,82,30,82,8
82,30,82,15,82,7,82,14,82,14,82,15,82,7,8,8
82,15,82,15,82,7,82,8
70,82
63,82,7,82,14,82,14,82,14,82,8,16
107
56,82,15,82,16
75
82,15,82,7,104,14,82,15,82,14
82,30,82,14
82,30,9
104,16,84,14
104,16,82
10
8
56,82,15,82,16
70,82,15,82,7,82,14,19,82,8
56,82,15,82,53,82,16
82,15,82,7,19,82,8
82,14,82,30,82,15,82,7,84,8
70,82,7,82,14,22,82,8
63,82,7,82,14,82,14,82,8,16
107
60,82,54,82,15,82,16
82,30,82,7,82,14,82,8
70,82
