   0,   1,   2,   3,   4,   5,   6,   7,   8
   0.00000   0.00000,   0.00000,   0.00000,   0.00000,   0.00000,   0.00000,   0.00000,   0.00000,
   1.50000   0.00000,   0.00000,   0.00000,   0.00000,   0.00000,   0.00000,   0.00000,   0.00000,
   3.10000   2.70000,   0.00000,   0.00000,   0.00000,   0.00000,   0.00000,   0.00000,   0.00000,
   2.10000   1.40000,   1.20000,   0.00000,   0.00000,   0.00000,   0.00000,   0.00000,   0.00000,
   5.80000   6.00000,   3.60000,   4.70000,   0.00000,   0.00000,   0.00000,   0.00000,   0.00000,
   4.70000   4.40000,   1.80000,   2.90000,   1.70000,   0.00000,   0.00000,   0.00000,   0.00000,
   5.70000   5.50000,   2.90000,   4.00000,   0.80000,   1.00000,   0.00000,   0.00000,   0.00000,
   1.30000   0.90000,   2.20000,   1.20000,   5.10000,   3.90000,   5.00000,   0.00000,   0.00000,
   2.60000   1.60000,   1.20000,   0.50000,   4.80000,   3.00000,   3.30000,   1.40000,   0.00000,
[8,3]=0.5
[6,4]=0.8
[7,1]=0.9
[3,2]=1.2
[1,0]=1.5
[5,4]=1.7
[2,0]=3.1
[4,0]=5.8
[  8,  3,   0.50000] [  3,  2,   1.20000] [  2,  0,   3.10000] [  4,  0,   5.80000] 
[  6,  4,   0.80000] [  5,  4,   1.70000] [  4,  0,   5.80000] 
[  7,  1,   0.90000] [  1,  0,   1.50000] [  2,  0,   3.10000] [  4,  0,   5.80000] 
