0=73,82,72,82
1=72,82
2=72,82
3=72,82
4=73,82,72,82
5=73,82,72,82
6=73,82,72,82
7=73,82,72,82
8=73,82,72,82,14,82,14,82
9=73,82,72,82,14,82
10=73,82,72,82
11=73,82,72,82
12=73,82,72,82
13=73,82,72,82
14=73,82,72,82
15=82,30,199,7,104,8
16=64,199,7,82,8,16
17=82,30,11
18=82,14
19=82,14
20=12
21=63,199,7,82,8,16
22=82,30,82
23=82,30,82
24=82,30,82
25=82,30,82
26=82,30,82
27=63,199,7,82,8,16
28=107
29=82,30,11,12
30=82,30,11,12
31=82,30,11,12
32=82,30,11,12
33=82,30,11,12
34=60,82,54,82,16
35=82,30,199,7,82,8
36=61,16
37=82,30,199,7,8
38=62,82,79,82,16
39=56,82,16
40=56,199,7,82,8,16
41=199,7,104,14,82,14,82,8
42=57,16
43=199,7,104,14,82,8
44=69
45=56,199,7,82,14,104,8,16
46=199,7,82,8
47=56,199,7,82,14,104,8,16
48=199,7,82,8
49=56,199,7,82,14,104,8,16
50=199,7,84,14,82,8
51=56,199,7,82,14,104,8,16
52=199,7,84,14,82,8
53=56,199,7,82,14,104,8,16
54=199,7,84,14,82,8
55=82,30,82
56=63,199,7,82,14,82,8,16
57=82,30,199,7,82,14,104,14,199,7,8,8
58=60,82,54,199,7,8,16
59=56,7,82,11,104,12
60=51,82,52,54,82,8,16
61=82,30,199,7,82,30,82,8,7,82,8
62=70,82
63=63,199,7,82,14,82,14,82,14,82,8,16
64=61,16
65=82,14,82,30,199,7,82,8
66=82,30,199,7,82,14,22,82,8
67=62,16
68=199,7,82,30,82,14,82,30,82,8
69=82,30,199,7,82,14,82,14,199,7,8,8
70=70,82
71=63,199,7,82,14,82,8,16
72=105
73=82,30,82
74=199,7,82,8
75=82,30,199,7,104,14,82,8
76=61,16
77=82,30,82
78=60,82,54,82,16
79=82,30,199,7,82,8
80=56,82,16
81=68
82=56,82,53,82,16
83=56,199,7,82,14,104,8,16
84=82,30,82
85=199,7,82,8
86=82,30,199,7,104,14,82,8
87=82,30,199,7,82,8
88=82,14,82,14,82,30,82
89=82,30,82
90=60,82,54,82,16
91=82,30,199,7,82,14,82,14,82,14,82,8
92=56,82,16
93=68
94=56,82,53,82,16
95=82,30,199,7,82,8
96=61,16
97=82,30,199,7,82,14,19,82,14,22,82,8
98=62,82,79,82,16
99=60,82,54,82,16
100=82,30,199,7,82,14,82,8
101=56,82,16
102=68
103=56,82,53,82,16
104=75
105=56,82,53,82,16
106=56,199,7,82,14,82,8,16
107=82,30,82
108=57,16
109=82,30,82,17,104
110=75,199,7,105
111=25,7,82,14,82,8,8
112=56,199,7,82,14,104,8,51,199,7,82,8,16
113=60,82,54,82,16
114=82,30,199,7,82,14,82,8
115=56,82,53,82,16
116=75,199,7
117=105
118=105
119=25,7,82,8,8
120=82,30,199,7,8
121=62,82,79,82,16
122=199,7,104,14,82,14
123=82,30,9
124=104,16,84,14
125=104,16,82
126=10,8
127=56,82,16
128=82,30,199,7,82,14,82,8
129=57,16
130=82,30,199,7,82,14,82,14,84,8
131=62,82,16
132=199,7
133=104,14,82,14
134=82,30,9
135=104,16,84,14
136=104,16,82
137=10,8
138=82,30,199,7,82,14,82,14,84,8
139=62,82,16
140=199,7
141=104,14,82,14
142=82,30,9
143=104,16,84,14
144=104,16,82
145=10,8
146=82,30,199,7,82,14,82,14,84,8
147=62,82,79,82,16
148=82,30,199,7,104,25
149=82,8
150=199,7
151=199,7,82,8,14
152=82,30,9
153=104,16,84,14
154=104,16,82
155=10,8
156=56,82,16
157=70,199,7,82,14,19,199,7,8,14,82,30,84,8
158=82,30,199,7,82,14,82,14,84,8
159=62,82,16
160=75
161=62,16
162=199,7,82,30,82,14,82,30,82,8
163=82,30,199,7,82,14,82,14,199,7,8,8
164=61,16
165=60,82,54,82,16
166=82,30,199,7,82,14,82,8
167=56,82,53,82,16
168=75,199,7
169=105
170=105
171=25,7,82,8,8
172=82,30,199,7,82,14,82,8
173=62,16
174=199,7,82,30,82,14,82,30,82,8
175=82,30,199,7,82,14,82,14,199,7,8,8
176=199,7,82,8
177=70,82
178=63,199,7,82,14,82,14,82,14,82,8,16
179=107
180=56,82,16
181=75
182=199,7,104,14,82,14
183=82,30,82,14
184=82,30,9
185=104,16,84,14
186=104,16,82
187=10
188=8
189=56,82,16
190=70,199,7,82,14,19,82,8
191=56,82,53,82,16
192=199,7,19,82,8
193=82,14,82,30,199,7,84,8
194=70,199,7,82,14,22,82,8
195=63,199,7,82,14,82,14,82,8,16
196=107
197=60,82,54,82,16
198=82,30,199,7,82,14,82,8
199=70,82
