3=[73, 82, 72, 82]
5=[72, 82]
6=[72, 82]
7=[72, 82]
9=[73, 82, 72, 82]
10=[73, 82, 15, 82, 72, 82]
11=[73, 82, 15, 82, 72, 82]
12=[73, 82, 15, 82, 72, 82]
13=[73, 82, 15, 82, 15, 82, 72, 82, 14, 82, 14, 82]
14=[73, 82, 15, 82, 72, 82, 14, 82]
15=[73, 82, 15, 82, 15, 82, 72, 82]
16=[73, 82, 15, 82, 15, 82, 72, 82]
17=[73, 82, 15, 82, 15, 82, 72, 82]
18=[73, 82, 15, 82, 72, 82]
19=[73, 82, 15, 82, 72, 82]
21=[82, 30, 82, 15, 82, 7, 104, 8]
24=[64, 82, 7, 82, 8, 16]
26=[82, 30, 11]
27=[82, 15, 82, 14]
28=[82, 15, 82, 14]
29=[12]
31=[63, 82, 7, 82, 8, 16]
32=[82, 15, 82, 30, 82]
33=[82, 15, 82, 30, 82]
34=[82, 15, 82, 30, 82]
35=[82, 15, 82, 30, 82]
36=[82, 15, 82, 30, 82]
38=[63, 82, 7, 82, 8, 16]
39=[107]
44=[82, 15, 82, 30, 11, 12]
45=[82, 15, 82, 30, 11, 12]
46=[82, 15, 82, 30, 11, 12]
47=[82, 15, 82, 30, 11, 12]
49=[82, 30, 11, 12]
50=[60, 82, 54, 82, 15, 82, 16]
51=[82, 30, 82, 7, 82, 8]
52=[61, 16]
53=[82, 30, 82, 7, 8]
54=[62, 82, 79, 82, 16]
55=[56, 82, 15, 82, 16]
56=[56, 82, 15, 82, 7, 82, 8, 16]
57=[82, 15, 82, 7, 104, 14, 82, 14, 82, 8]
58=[57, 16]
59=[82, 15, 82, 7, 104, 14, 82, 8]
60=[69]
62=[56, 82, 7, 82, 14, 104, 8, 16]
63=[82, 15, 82, 7, 82, 15, 82, 8]
64=[56, 82, 7, 82, 14, 104, 8, 16]
65=[82, 15, 82, 15, 82, 7, 82, 15, 82, 8]
66=[56, 82, 7, 82, 14, 104, 8, 16]
67=[82, 15, 82, 15, 82, 7, 84, 14, 82, 15, 82, 8]
68=[56, 82, 7, 82, 14, 104, 8, 16]
69=[82, 15, 82, 15, 82, 7, 84, 14, 82, 15, 82, 8]
70=[56, 82, 7, 82, 14, 104, 8, 16]
71=[82, 15, 82, 15, 82, 7, 84, 14, 82, 15, 82, 8]
75=[82, 15, 82, 30, 82]
77=[63, 82, 7, 82, 14, 82, 8, 16]
78=[82, 30, 82, 7, 82, 14, 104, 14, 82, 7, 8, 8]
79=[60, 82, 54, 82, 15, 82, 7, 8, 16]
80=[56, 7, 82, 15, 82, 11, 104, 12]
81=[51, 82, 15, 82, 52, 54, 82, 8, 16]
82=[82, 30, 82, 15, 82, 7, 82, 30, 82, 15, 82, 8, 7, 82, 8]
83=[70, 82]
85=[63, 82, 7, 82, 14, 82, 14, 82, 14, 82, 8, 16]
86=[61, 16]
87=[82, 14, 82, 30, 82, 15, 82, 7, 82, 8]
88=[82, 30, 82, 7, 82, 14, 22, 82, 8]
89=[62, 16]
90=[82, 15, 82, 15, 82, 7, 82, 30, 82, 15, 82, 14, 82, 30, 82, 8]
91=[82, 30, 82, 15, 82, 7, 82, 14, 82, 14, 82, 15, 82, 7, 8, 8]
93=[70, 82]
95=[63, 82, 7, 82, 14, 82, 8, 16]
96=[105]
102=[82, 30, 82, 15, 82]
103=[82, 15, 82, 7, 82, 8]
104=[82, 30, 82, 15, 82, 7, 104, 14, 82, 8]
105=[61, 16]
106=[82, 30, 82]
108=[60, 82, 54, 82, 15, 82, 16]
109=[82, 30, 82, 7, 82, 8]
110=[56, 82, 16]
111=[68]
113=[56, 82, 53, 82, 16]
114=[56, 82, 7, 82, 14, 104, 8, 16]
116=[82, 30, 82, 15, 82]
117=[82, 15, 82, 7, 82, 8]
118=[82, 30, 82, 15, 82, 7, 104, 14, 82, 8]
120=[82, 30, 82, 15, 82, 7, 82, 15, 82, 8]
121=[82, 14, 82, 14, 82, 30, 82]
122=[82, 15, 82, 30, 82]
125=[60, 82, 54, 82, 15, 82, 16]
126=[82, 30, 82, 7, 82, 14, 82, 14, 82, 14, 82, 8]
127=[56, 82, 16]
128=[68]
130=[56, 82, 53, 82, 16]
131=[82, 30, 82, 15, 82, 7, 82, 8]
132=[61, 16]
133=[82, 30, 82, 7, 82, 14, 19, 82, 14, 22, 82, 8]
134=[62, 82, 79, 82, 16]
138=[60, 82, 54, 82, 15, 82, 16]
139=[82, 30, 82, 7, 82, 14, 82, 8]
140=[56, 82, 16]
141=[68]
142=[56, 82, 53, 82, 16]
143=[75]
146=[56, 82, 53, 82, 16]
147=[56, 82, 7, 82, 14, 82, 15, 82, 8, 16]
148=[82, 30, 82, 15, 82]
149=[57, 16]
150=[82, 30, 82, 15, 82, 15, 82, 17, 104]
151=[75, 82, 7, 105]
152=[25, 7, 82, 15, 82, 14, 82, 8, 8]
156=[56, 82, 7, 82, 14, 104, 8, 51, 82, 7, 82, 15, 82, 8, 16]
157=[60, 82, 54, 82, 15, 82, 16]
158=[82, 30, 82, 7, 82, 14, 82, 8]
160=[56, 82, 53, 82, 16]
161=[75, 82, 7]
162=[105]
163=[105]
164=[25, 7, 82, 15, 82, 15, 82, 15, 82, 8, 8]
165=[82, 30, 82, 15, 82, 7, 8]
167=[62, 82, 15, 82, 79, 82, 16]
168=[82, 15, 82, 7, 104, 14, 82, 15, 82, 14]
169=[82, 30, 9]
170=[104, 16, 84, 14]
171=[104, 16, 82]
172=[10, 8]
173=[56, 82, 15, 82, 16]
174=[82, 30, 82, 15, 82, 7, 82, 14, 82, 8]
175=[57, 16]
176=[82, 30, 82, 15, 82, 7, 82, 14, 82, 14, 84, 8]
178=[62, 82, 16]
179=[82, 15, 82, 7]
180=[104, 14, 82, 15, 82, 14]
181=[82, 30, 9]
182=[104, 16, 84, 14]
183=[104, 16, 82]
184=[10, 8]
185=[82, 30, 82, 15, 82, 7, 82, 14, 82, 14, 84, 8]
187=[62, 82, 16]
188=[82, 15, 82, 7]
189=[104, 14, 82, 15, 82, 14]
190=[82, 30, 9]
191=[104, 16, 84, 14]
192=[104, 16, 82]
193=[10, 8]
194=[82, 30, 82, 15, 82, 7, 82, 14, 82, 14, 84, 8]
196=[62, 82, 79, 82, 16]
199=[82, 30, 82, 15, 82, 7, 104, 25]
200=[82, 15, 82, 15, 82, 8]
201=[82, 15, 82, 7]
202=[82, 7, 82, 8, 14]
203=[82, 30, 9]
204=[104, 16, 84, 14]
205=[104, 16, 82]
206=[10, 8]
207=[56, 82, 15, 82, 16]
208=[70, 82, 15, 82, 7, 82, 14, 19, 82, 15, 82, 7, 8, 14, 82, 30, 84, 8]
210=[82, 30, 82, 15, 82, 7, 82, 14, 82, 14, 84, 8]
212=[62, 82, 16]
214=[75]
216=[62, 16]
218=[82, 15, 82, 15, 82, 7, 82, 30, 82, 15, 82, 14, 82, 30, 82, 8]
219=[82, 30, 82, 15, 82, 7, 82, 14, 82, 14, 82, 15, 82, 7, 8, 8]
221=[61, 16]
223=[60, 82, 54, 82, 15, 82, 16]
224=[82, 30, 82, 7, 82, 14, 82, 8]
226=[56, 82, 53, 82, 16]
227=[75, 82, 7]
228=[105]
229=[105]
230=[25, 7, 82, 15, 82, 15, 82, 15, 82, 8, 8]
231=[82, 30, 82, 15, 82, 7, 82, 14, 82, 8]
232=[62, 16]
233=[82, 15, 82, 15, 82, 7, 82, 30, 82, 15, 82, 14, 82, 30, 82, 8]
234=[82, 30, 82, 15, 82, 7, 82, 14, 82, 14, 82, 15, 82, 7, 8, 8]
236=[82, 15, 82, 15, 82, 7, 82, 8]
238=[70, 82]
240=[63, 82, 7, 82, 14, 82, 14, 82, 14, 82, 8, 16]
241=[107]
250=[56, 82, 15, 82, 16]
251=[75]
253=[82, 15, 82, 7, 104, 14, 82, 15, 82, 14]
254=[82, 30, 82, 14]
255=[82, 30, 9]
256=[104, 16, 84, 14]
257=[104, 16, 82]
258=[10]
259=[8]
261=[56, 82, 15, 82, 16]
262=[70, 82, 15, 82, 7, 82, 14, 19, 82, 8]
265=[56, 82, 15, 82, 53, 82, 16]
266=[82, 15, 82, 7, 19, 82, 8]
268=[82, 14, 82, 30, 82, 15, 82, 7, 84, 8]
269=[70, 82, 7, 82, 14, 22, 82, 8]
271=[63, 82, 7, 82, 14, 82, 14, 82, 8, 16]
272=[107]
277=[60, 82, 54, 82, 15, 82, 16]
278=[82, 30, 82, 7, 82, 14, 82, 8]
279=[70, 82]
