0.0012859348922420865,9.203782473831722E-5,0.007428301168451819,0.0016161665737053587,Iris-setosa,0
0.0012355060729384753,7.888956406141473E-5,0.007428301168451819,0.0016161665737053587,Iris-setosa,0
0.001185077253634864,8.414886833217573E-5,0.0068977082278481195,0.0016161665737053587,Iris-setosa,0
0.0011598628439830584,8.151921619679522E-5,0.007958894109055521,0.0016161665737053587,Iris-setosa,0
0.001260720482590281,9.466747687369771E-5,0.007428301168451819,0.0016161665737053587,Iris-setosa,0
0.0013615781211975039,1.0255643327983918E-4,0.009020079990262924,0.0032323331474107173,Iris-setosa,0
0.0011598628439830584,8.940817260293669E-5,0.007428301168451819,0.002424249860558037,Iris-setosa,0
0.001260720482590281,8.940817260293669E-5,0.007958894109055521,0.0016161665737053587,Iris-setosa,0
0.0011094340246794474,7.625991192603424E-5,0.007428301168451819,0.0016161665737053587,Iris-setosa,0
0.0012355060729384753,8.151921619679522E-5,0.007958894109055521,8.080832868526793E-4,Iris-setosa,0
0.0013615781211975039,9.72971290090782E-5,0.007958894109055521,0.0016161665737053587,Iris-setosa,0
0.00121029166328667,8.940817260293669E-5,0.008489487049659222,0.0016161665737053587,Iris-setosa,0
0.00121029166328667,7.888956406141473E-5,0.007428301168451819,8.080832868526793E-4,Iris-setosa,0
0.0010842196150276416,7.888956406141473E-5,0.005836522346640716,8.080832868526793E-4,Iris-setosa,0
0.0014624357598047259,1.0518608541521966E-4,0.006367115287244416,0.0016161665737053587,Iris-setosa,0
0.0014372213501529201,1.1570469395674166E-4,0.007958894109055521,0.0032323331474107173,Iris-setosa,0
0.0013615781211975039,1.0255643327983918E-4,0.0068977082278481195,0.0032323331474107173,Iris-setosa,0
0.0012859348922420865,9.203782473831722E-5,0.007428301168451819,0.002424249860558037,Iris-setosa,0
0.0014372213501529201,9.992678114445867E-5,0.009020079990262924,0.002424249860558037,Iris-setosa,0
0.0012859348922420865,9.992678114445867E-5,0.007958894109055521,0.002424249860558037,Iris-setosa,0
0.0013615781211975039,8.940817260293669E-5,0.009020079990262924,0.0016161665737053587,Iris-setosa,0
0.0012859348922420865,9.72971290090782E-5,0.007958894109055521,0.0032323331474107173,Iris-setosa,0
0.0011598628439830584,9.466747687369771E-5,0.005305929406037015,0.0016161665737053587,Iris-setosa,0
0.0012859348922420865,8.677852046755621E-5,0.009020079990262924,0.004040416434263396,Iris-setosa,0
0.00121029166328667,8.940817260293669E-5,0.010081265871470325,0.0016161665737053587,Iris-setosa,0
0.001260720482590281,7.888956406141473E-5,0.008489487049659222,0.0016161665737053587,Iris-setosa,0
0.001260720482590281,8.940817260293669E-5,0.008489487049659222,0.0032323331474107173,Iris-setosa,0
0.0013111493018938922,9.203782473831722E-5,0.007958894109055521,0.0016161665737053587,Iris-setosa,0
0.0013111493018938922,8.940817260293669E-5,0.007428301168451819,0.0016161665737053587,Iris-setosa,0
0.001185077253634864,8.414886833217573E-5,0.008489487049659222,0.0016161665737053587,Iris-setosa,0
0.00121029166328667,8.151921619679522E-5,0.008489487049659222,0.0016161665737053587,Iris-setosa,0
0.0013615781211975039,8.940817260293669E-5,0.007958894109055521,0.0032323331474107173,Iris-setosa,0
0.0013111493018938922,1.0781573755060015E-4,0.007958894109055521,8.080832868526793E-4,Iris-setosa,0
0.001386792530849309,1.1044538968598065E-4,0.007428301168451819,0.0016161665737053587,Iris-setosa,0
0.0012355060729384753,8.151921619679522E-5,0.007958894109055521,8.080832868526793E-4,Iris-setosa,0
0.001260720482590281,8.414886833217573E-5,0.006367115287244416,0.0016161665737053587,Iris-setosa,0
0.001386792530849309,9.203782473831722E-5,0.0068977082278481195,0.0016161665737053587,Iris-setosa,0
0.0012355060729384753,8.151921619679522E-5,0.007958894109055521,8.080832868526793E-4,Iris-setosa,0
0.0011094340246794474,7.888956406141473E-5,0.0068977082278481195,0.0016161665737053587,Iris-setosa,0
0.0012859348922420865,8.940817260293669E-5,0.007958894109055521,0.0016161665737053587,Iris-setosa,0
0.001260720482590281,9.203782473831722E-5,0.0068977082278481195,0.002424249860558037,Iris-setosa,0
0.001134648434331253,6.0481999113751306E-5,0.0068977082278481195,0.002424249860558037,Iris-setosa,0
0.0011094340246794474,8.414886833217573E-5,0.0068977082278481195,0.0016161665737053587,Iris-setosa,0
0.001260720482590281,9.203782473831722E-5,0.008489487049659222,0.004848499721116074,Iris-setosa,0
0.0012859348922420865,9.992678114445867E-5,0.010081265871470325,0.0032323331474107173,Iris-setosa,0
0.00121029166328667,7.888956406141473E-5,0.007428301168451819,0.002424249860558037,Iris-setosa,0
0.0012859348922420865,9.992678114445867E-5,0.008489487049659222,0.0016161665737053587,Iris-setosa,0
0.0011598628439830584,8.414886833217573E-5,0.007428301168451819,0.0016161665737053587,Iris-setosa,0
0.001336363711545698,9.72971290090782E-5,0.007958894109055521,0.0016161665737053587,Iris-setosa,0
0.001260720482590281,8.677852046755621E-5,0.007428301168451819,0.0016161665737053587,Iris-setosa,0
0.0014876501694565316,8.414886833217573E-5,0.025468461148977665,0.014545499163348227,Iris-versicolor,1
0.0016893654466709766,7.888956406141473E-5,0.026529647030185073,0.013737415876495544,Iris-versicolor,1
0.0015128645791083369,7.100060765527329E-5,0.02706023997078876,0.01292933258964287,Iris-versicolor,1
0.001588507808063754,8.677852046755621E-5,0.031835576436222084,0.02020208217131698,Iris-virginica,1
0.0014624357598047259,7.100060765527329E-5,0.02706023997078876,0.015353582450200904,Iris-virginica,1
0.0017902230852781993,7.888956406141473E-5,0.03130498349561839,0.01696974902390626,Iris-virginica,1
0.001588507808063754,7.625991192603424E-5,0.029713204673807277,0.014545499163348227,Iris-virginica,1
0.0016389366273673654,7.888956406141473E-5,0.030774390555014682,0.017777832310758943,Iris-virginica,1
0.0019162951335372272,7.888956406141473E-5,0.03501913407984429,0.01696974902390626,Iris-virginica,1
0.0018406519045818099,7.625991192603424E-5,0.03342735525803319,0.014545499163348227,Iris-virginica,1
0.0016893654466709766,6.574130338451229E-5,0.030774390555014682,0.014545499163348227,Iris-virginica,1
0.0018154374949300048,9.466747687369771E-5,0.03236616937682578,0.02020208217131698,Iris-virginica,1
0.0016389366273673654,8.414886833217573E-5,0.02706023997078876,0.016161665737053584,Iris-virginica,1
0.0016137222177155597,7.100060765527329E-5,0.028121425851996174,0.015353582450200904,Iris-virginica,1
0.0017145798563227817,7.888956406141473E-5,0.02918261173320357,0.01696974902390626,Iris-virginica,1
0.0014372213501529201,6.574130338451229E-5,0.026529647030185073,0.016161665737053584,Iris-virginica,1
0.0014624357598047259,7.363025979065376E-5,0.02706023997078876,0.019393998884464296,Iris-virginica,1
0.0016137222177155597,8.414886833217573E-5,0.028121425851996174,0.018585915597611618,Iris-virginica,1
0.0016389366273673654,7.888956406141473E-5,0.02918261173320357,0.014545499163348227,Iris-virginica,1
0.001941509543189033,9.992678114445867E-5,0.035549727020447994,0.017777832310758943,Iris-virginica,1
0.001941509543189033,6.837095551989278E-5,0.0366109129016554,0.018585915597611618,Iris-virginica,1
0.001739794265974588,8.414886833217573E-5,0.030243797614410976,0.018585915597611618,Iris-virginica,1
0.0014120069405011149,7.363025979065376E-5,0.02599905408958137,0.016161665737053584,Iris-virginica,1
0.001941509543189033,7.363025979065376E-5,0.035549727020447994,0.016161665737053584,Iris-virginica,1
0.001588507808063754,7.100060765527329E-5,0.02599905408958137,0.014545499163348227,Iris-virginica,1
0.0016893654466709766,8.677852046755621E-5,0.030243797614410976,0.01696974902390626,Iris-virginica,1
0.0018154374949300048,8.414886833217573E-5,0.031835576436222084,0.014545499163348227,Iris-virginica,1
0.0015632933984119485,7.363025979065376E-5,0.025468461148977665,0.014545499163348227,Iris-virginica,1
0.0015380789887601428,7.888956406141473E-5,0.02599905408958137,0.014545499163348227,Iris-virginica,1
0.0016137222177155597,7.363025979065376E-5,0.029713204673807277,0.01696974902390626,Iris-virginica,1
0.0018154374949300048,7.888956406141473E-5,0.030774390555014682,0.01292933258964287,Iris-virginica,1
0.0018658663142336158,7.363025979065376E-5,0.03236616937682578,0.015353582450200904,Iris-virginica,1
0.0019919383624926435,9.992678114445867E-5,0.033957948198636886,0.016161665737053584,Iris-virginica,1
0.0016137222177155597,7.363025979065376E-5,0.029713204673807277,0.017777832310758943,Iris-virginica,1
0.0015380789887601428,6.837095551989278E-5,0.029713204673807277,0.011313166015937506,Iris-virginica,1
0.001941509543189033,7.888956406141473E-5,0.03236616937682578,0.018585915597611618,Iris-virginica,1
0.001588507808063754,8.940817260293669E-5,0.029713204673807277,0.019393998884464296,Iris-virginica,1
0.0016137222177155597,8.151921619679522E-5,0.02918261173320357,0.014545499163348227,Iris-virginica,1
0.0015128645791083369,7.888956406141473E-5,0.025468461148977665,0.014545499163348227,Iris-virginica,1
0.001739794265974588,8.151921619679522E-5,0.028652018792599876,0.01696974902390626,Iris-virginica,1
0.0016893654466709766,8.151921619679522E-5,0.029713204673807277,0.019393998884464296,Iris-virginica,1
0.001739794265974588,8.151921619679522E-5,0.02706023997078876,0.018585915597611618,Iris-virginica,1
0.0014624357598047259,7.100060765527329E-5,0.02706023997078876,0.015353582450200904,Iris-virginica,1
0.0017145798563227817,8.414886833217573E-5,0.03130498349561839,0.018585915597611618,Iris-virginica,1
0.0016893654466709766,8.677852046755621E-5,0.030243797614410976,0.02020208217131698,Iris-virginica,1
0.0016893654466709766,7.888956406141473E-5,0.027590832911392478,0.018585915597611618,Iris-virginica,1
0.001588507808063754,6.574130338451229E-5,0.026529647030185073,0.015353582450200904,Iris-virginica,1
0.0016389366273673654,7.888956406141473E-5,0.027590832911392478,0.016161665737053584,Iris-virginica,1
0.0015632933984119485,8.940817260293669E-5,0.028652018792599876,0.018585915597611618,Iris-virginica,1
0.0014876501694565316,7.888956406141473E-5,0.02706023997078876,0.014545499163348227,Iris-virginica,1
0.0017650086756263934,8.414886833217573E-5,0.024937868208373962,0.011313166015937506,Iris-versicolor,2
0.0016137222177155597,8.414886833217573E-5,0.023876682327166558,0.012121249302790188,Iris-versicolor,2
0.001739794265974588,8.151921619679522E-5,0.02599905408958137,0.012121249302790188,Iris-versicolor,2
0.001386792530849309,6.0481999113751306E-5,0.02122371762414806,0.010505082729084828,Iris-versicolor,2
0.0016389366273673654,7.363025979065376E-5,0.02440727526777026,0.012121249302790188,Iris-versicolor,2
0.0014372213501529201,7.363025979065376E-5,0.023876682327166558,0.010505082729084828,Iris-versicolor,2
0.001588507808063754,8.677852046755621E-5,0.024937868208373962,0.01292933258964287,Iris-versicolor,2
0.0012355060729384753,6.31116512491318E-5,0.017509567039922146,0.008080832868526792,Iris-versicolor,2
0.0016641510370191711,7.625991192603424E-5,0.02440727526777026,0.010505082729084828,Iris-versicolor,2
0.0013111493018938922,7.100060765527329E-5,0.020693124683544353,0.011313166015937506,Iris-versicolor,2
0.001260720482590281,5.259304270760983E-5,0.018570752921129547,0.008080832868526792,Iris-versicolor,2
0.0014876501694565316,7.888956406141473E-5,0.02228490350535546,0.012121249302790188,Iris-versicolor,2
0.0015128645791083369,5.785234697837083E-5,0.02122371762414806,0.008080832868526792,Iris-versicolor,2
0.0015380789887601428,7.625991192603424E-5,0.024937868208373962,0.011313166015937506,Iris-versicolor,2
0.0014120069405011149,7.625991192603424E-5,0.01910134586173325,0.010505082729084828,Iris-versicolor,2
0.0016893654466709766,8.151921619679522E-5,0.023346089386562865,0.011313166015937506,Iris-versicolor,2
0.0014120069405011149,7.888956406141473E-5,0.023876682327166558,0.012121249302790188,Iris-versicolor,2
0.0014624357598047259,7.100060765527329E-5,0.021754310564751755,0.008080832868526792,Iris-versicolor,2
0.0015632933984119485,5.785234697837083E-5,0.023876682327166558,0.012121249302790188,Iris-versicolor,2
0.0014120069405011149,6.574130338451229E-5,0.020693124683544353,0.008888916155379472,Iris-versicolor,2
0.0015380789887601428,7.363025979065376E-5,0.02122371762414806,0.010505082729084828,Iris-versicolor,2
0.001588507808063754,6.574130338451229E-5,0.02599905408958137,0.012121249302790188,Iris-versicolor,2
0.0015380789887601428,7.363025979065376E-5,0.024937868208373962,0.009696999442232148,Iris-versicolor,2
0.0016137222177155597,7.625991192603424E-5,0.022815496445959156,0.010505082729084828,Iris-versicolor,2
0.0016641510370191711,7.888956406141473E-5,0.023346089386562865,0.011313166015937506,Iris-versicolor,2
0.0017145798563227817,7.363025979065376E-5,0.025468461148977665,0.011313166015937506,Iris-versicolor,2
0.0015128645791083369,7.625991192603424E-5,0.023876682327166558,0.012121249302790188,Iris-versicolor,2
0.0014372213501529201,6.837095551989278E-5,0.018570752921129547,0.008080832868526792,Iris-versicolor,2
0.001386792530849309,6.31116512491318E-5,0.02016253174294065,0.008888916155379472,Iris-versicolor,2
0.001386792530849309,6.31116512491318E-5,0.019631938802336952,0.008080832868526792,Iris-versicolor,2
0.0014624357598047259,7.100060765527329E-5,0.020693124683544353,0.009696999442232148,Iris-versicolor,2
0.0013615781211975039,7.888956406141473E-5,0.023876682327166558,0.012121249302790188,Iris-versicolor,2
0.0015128645791083369,8.940817260293669E-5,0.023876682327166558,0.01292933258964287,Iris-versicolor,2
0.0016893654466709766,8.151921619679522E-5,0.024937868208373962,0.012121249302790188,Iris-versicolor,2
0.001588507808063754,6.0481999113751306E-5,0.023346089386562865,0.010505082729084828,Iris-versicolor,2
0.0014120069405011149,7.888956406141473E-5,0.021754310564751755,0.010505082729084828,Iris-versicolor,2
0.001386792530849309,6.574130338451229E-5,0.02122371762414806,0.010505082729084828,Iris-versicolor,2
0.001386792530849309,6.837095551989278E-5,0.023346089386562865,0.009696999442232148,Iris-versicolor,2
0.0015380789887601428,7.888956406141473E-5,0.02440727526777026,0.011313166015937506,Iris-versicolor,2
0.0014624357598047259,6.837095551989278E-5,0.02122371762414806,0.009696999442232148,Iris-versicolor,2
0.001260720482590281,6.0481999113751306E-5,0.017509567039922146,0.008080832868526792,Iris-versicolor,2
0.0014120069405011149,7.100060765527329E-5,0.02228490350535546,0.010505082729084828,Iris-versicolor,2
0.0014372213501529201,7.888956406141473E-5,0.02228490350535546,0.009696999442232148,Iris-versicolor,2
0.0014372213501529201,7.625991192603424E-5,0.02228490350535546,0.010505082729084828,Iris-versicolor,2
0.0015632933984119485,7.625991192603424E-5,0.022815496445959156,0.010505082729084828,Iris-versicolor,2
0.0012859348922420865,6.574130338451229E-5,0.015917788218111042,0.008888916155379472,Iris-versicolor,2
0.0014372213501529201,7.363025979065376E-5,0.021754310564751755,0.010505082729084828,Iris-versicolor,2
0.0012355060729384753,6.574130338451229E-5,0.023876682327166558,0.013737415876495544,Iris-virginica,2
0.0015128645791083369,5.785234697837083E-5,0.026529647030185073,0.012121249302790188,Iris-virginica,2
0.001588507808063754,7.363025979065376E-5,0.02706023997078876,0.012121249302790188,Iris-virginica,2
