1.2662650512916554E-24,2.12602726875852E-33,3.6514863303833805E-15,4.2169616367734835E-15,Iris-setosa,0
1.2166075982998253E-24,1.8223090875073023E-33,3.6514863303833805E-15,4.2169616367734835E-15,Iris-setosa,0
1.1669501453079963E-24,1.9437963600077905E-33,3.390665878213142E-15,4.2169616367734835E-15,Iris-setosa,0
1.1421214188120815E-24,1.8830527237575454E-33,3.912306782553623E-15,4.2169616367734835E-15,Iris-setosa,0
1.2414363247957407E-24,2.186770905008763E-33,3.6514863303833805E-15,4.2169616367734835E-15,Iris-setosa,0
1.3407512307794007E-24,2.3690018137594956E-33,4.4339476868941046E-15,8.433923273546967E-15,Iris-setosa,0
1.1421214188120815E-24,2.0652836325082762E-33,3.6514863303833805E-15,6.325442455160222E-15,Iris-setosa,0
1.2414363247957407E-24,2.0652836325082762E-33,3.912306782553623E-15,4.2169616367734835E-15,Iris-setosa,0
1.0924639658202522E-24,1.7615654512570596E-33,3.6514863303833805E-15,4.2169616367734835E-15,Iris-setosa,0
1.2166075982998253E-24,1.8830527237575454E-33,3.912306782553623E-15,2.1084808183867417E-15,Iris-setosa,0
1.3407512307794007E-24,2.2475145412590074E-33,3.912306782553623E-15,4.2169616367734835E-15,Iris-setosa,0
1.1917788718039118E-24,2.0652836325082762E-33,4.1731272347238606E-15,4.2169616367734835E-15,Iris-setosa,0
1.1917788718039118E-24,1.8223090875073023E-33,3.6514863303833805E-15,2.1084808183867417E-15,Iris-setosa,0
1.067635239324337E-24,1.8223090875073023E-33,2.8690249738726564E-15,2.1084808183867417E-15,Iris-setosa,0
1.440066136763059E-24,2.4297454500097376E-33,3.1298454260428976E-15,4.2169616367734835E-15,Iris-setosa,0
1.4152374102671441E-24,2.672719995010713E-33,3.912306782553623E-15,8.433923273546967E-15,Iris-setosa,0
1.3407512307794007E-24,2.3690018137594956E-33,3.390665878213142E-15,8.433923273546967E-15,Iris-setosa,0
1.2662650512916554E-24,2.12602726875852E-33,3.6514863303833805E-15,6.325442455160222E-15,Iris-setosa,0
1.4152374102671441E-24,2.3082581775092498E-33,4.4339476868941046E-15,6.325442455160222E-15,Iris-setosa,0
1.2662650512916554E-24,2.3082581775092498E-33,3.912306782553623E-15,6.325442455160222E-15,Iris-setosa,0
1.3407512307794007E-24,2.0652836325082762E-33,4.4339476868941046E-15,4.2169616367734835E-15,Iris-setosa,0
1.2662650512916554E-24,2.2475145412590074E-33,3.912306782553623E-15,8.433923273546967E-15,Iris-setosa,0
1.1421214188120815E-24,2.186770905008763E-33,2.608204521702415E-15,4.2169616367734835E-15,Iris-setosa,0
1.2662650512916554E-24,2.004539996258033E-33,4.4339476868941046E-15,1.054240409193371E-14,Iris-setosa,0
1.1917788718039118E-24,2.0652836325082762E-33,4.955588591234587E-15,4.2169616367734835E-15,Iris-setosa,0
1.2414363247957407E-24,1.8223090875073023E-33,4.1731272347238606E-15,4.2169616367734835E-15,Iris-setosa,0
1.2414363247957407E-24,2.0652836325082762E-33,4.1731272347238606E-15,8.433923273546967E-15,Iris-setosa,0
1.2910937777875708E-24,2.12602726875852E-33,3.912306782553623E-15,4.2169616367734835E-15,Iris-setosa,0
1.2910937777875708E-24,2.0652836325082762E-33,3.6514863303833805E-15,4.2169616367734835E-15,Iris-setosa,0
1.1669501453079963E-24,1.9437963600077905E-33,4.1731272347238606E-15,4.2169616367734835E-15,Iris-setosa,0
1.1917788718039118E-24,1.8830527237575454E-33,4.1731272347238606E-15,4.2169616367734835E-15,Iris-setosa,0
1.3407512307794007E-24,2.0652836325082762E-33,3.912306782553623E-15,8.433923273546967E-15,Iris-setosa,0
1.2910937777875708E-24,2.4904890862599817E-33,3.912306782553623E-15,2.1084808183867417E-15,Iris-setosa,0
1.3655799572753148E-24,2.5512327225102247E-33,3.6514863303833805E-15,4.2169616367734835E-15,Iris-setosa,0
1.2166075982998253E-24,1.8830527237575454E-33,3.912306782553623E-15,2.1084808183867417E-15,Iris-setosa,0
1.2414363247957407E-24,1.9437963600077905E-33,3.1298454260428976E-15,4.2169616367734835E-15,Iris-setosa,0
1.3655799572753148E-24,2.12602726875852E-33,3.390665878213142E-15,4.2169616367734835E-15,Iris-setosa,0
1.2166075982998253E-24,1.8830527237575454E-33,3.912306782553623E-15,2.1084808183867417E-15,Iris-setosa,0
1.0924639658202522E-24,1.8223090875073023E-33,3.390665878213142E-15,4.2169616367734835E-15,Iris-setosa,0
1.2662650512916554E-24,2.0652836325082762E-33,3.912306782553623E-15,4.2169616367734835E-15,Iris-setosa,0
1.2414363247957407E-24,2.12602726875852E-33,3.390665878213142E-15,6.325442455160222E-15,Iris-setosa,0
1.1172926923161668E-24,1.397103633755599E-33,3.390665878213142E-15,6.325442455160222E-15,Iris-setosa,0
1.0924639658202522E-24,1.9437963600077905E-33,3.390665878213142E-15,4.2169616367734835E-15,Iris-setosa,0
1.2414363247957407E-24,2.12602726875852E-33,4.1731272347238606E-15,1.2650884910320443E-14,Iris-setosa,0
1.2662650512916554E-24,2.3082581775092498E-33,4.955588591234587E-15,8.433923273546967E-15,Iris-setosa,0
1.1917788718039118E-24,1.8223090875073023E-33,3.6514863303833805E-15,6.325442455160222E-15,Iris-setosa,0
1.2662650512916554E-24,2.3082581775092498E-33,4.1731272347238606E-15,4.2169616367734835E-15,Iris-setosa,0
1.1421214188120815E-24,1.9437963600077905E-33,3.6514863303833805E-15,4.2169616367734835E-15,Iris-setosa,0
1.3159225042834854E-24,2.2475145412590074E-33,3.912306782553623E-15,4.2169616367734835E-15,Iris-setosa,0
1.2414363247957407E-24,2.004539996258033E-33,3.6514863303833805E-15,4.2169616367734835E-15,Iris-setosa,0
1.5642097692426335E-24,2.004539996258033E-33,1.564922713021449E-14,5.271202045966856E-14,Iris-virginica,1
1.7628395812099523E-24,1.8223090875073023E-33,1.5388406678044254E-14,4.427809718612157E-14,Iris-virginica,1
1.6138672222344642E-24,1.8223090875073023E-33,1.5127586225874003E-14,4.6386578004508305E-14,Iris-virginica,1
1.886983213689526E-24,1.8223090875073023E-33,1.7214149843235933E-14,4.427809718612157E-14,Iris-virginica,1
1.7876683077058664E-24,2.186770905008763E-33,1.5910047582384726E-14,5.271202045966856E-14,Iris-virginica,1
1.688353401722206E-24,1.8223090875073023E-33,1.4345124869363275E-14,4.427809718612157E-14,Iris-virginica,1
1.440066136763059E-24,1.7008218150068166E-33,1.3301843060682318E-14,5.060353964128177E-14,Iris-virginica,1
1.589038495738548E-24,1.9437963600077905E-33,1.3823483965022795E-14,4.8495058822895055E-14,Iris-virginica,1
1.9118119401854418E-24,2.3082581775092498E-33,1.7474970295406177E-14,4.6386578004508305E-14,Iris-virginica,1
1.9118119401854418E-24,1.5793345425063295E-33,1.7996611199746662E-14,4.8495058822895055E-14,Iris-virginica,1
1.713182128218123E-24,1.9437963600077905E-33,1.486676577370377E-14,4.8495058822895055E-14,Iris-virginica,1
1.6635246752262925E-24,2.004539996258033E-33,1.486676577370377E-14,4.427809718612157E-14,Iris-virginica,1
1.589038495738548E-24,1.7008218150068166E-33,1.4605945321533522E-14,4.427809718612157E-14,Iris-virginica,1
1.589038495738548E-24,1.7008218150068166E-33,1.4605945321533522E-14,4.6386578004508305E-14,Iris-virginica,1
1.9118119401854418E-24,1.8223090875073023E-33,1.5910047582384726E-14,4.8495058822895055E-14,Iris-virginica,1
1.5642097692426335E-24,2.0652836325082762E-33,1.4605945321533522E-14,5.060353964128177E-14,Iris-virginica,1
1.713182128218123E-24,1.8830527237575454E-33,1.4084304417193046E-14,4.427809718612157E-14,Iris-virginica,1
1.6635246752262925E-24,1.8830527237575454E-33,1.4605945321533522E-14,5.060353964128177E-14,Iris-virginica,1
1.713182128218123E-24,1.8830527237575454E-33,1.3301843060682318E-14,4.8495058822895055E-14,Iris-virginica,1
1.688353401722206E-24,1.9437963600077905E-33,1.5388406678044254E-14,4.8495058822895055E-14,Iris-virginica,1
1.6635246752262925E-24,2.004539996258033E-33,1.486676577370377E-14,5.271202045966856E-14,Iris-virginica,1
1.6635246752262925E-24,1.8223090875073023E-33,1.3562663512852568E-14,4.8495058822895055E-14,Iris-virginica,1
1.5393810427467195E-24,2.0652836325082762E-33,1.4084304417193046E-14,4.8495058822895055E-14,Iris-virginica,1
1.7380108547140376E-24,1.9437963600077905E-33,1.2258561252001351E-14,2.951873145741436E-14,Iris-versicolor,2
1.589038495738548E-24,1.9437963600077905E-33,1.173692034766086E-14,3.162721227580111E-14,Iris-versicolor,2
1.713182128218123E-24,1.8830527237575454E-33,1.2780202156341837E-14,3.162721227580111E-14,Iris-versicolor,2
1.3655799572753148E-24,1.397103633755599E-33,1.043281808680966E-14,2.7410250639027633E-14,Iris-versicolor,2
1.6138672222344642E-24,1.7008218150068166E-33,1.1997740799831109E-14,3.162721227580111E-14,Iris-versicolor,2
1.4152374102671441E-24,1.7008218150068166E-33,1.173692034766086E-14,2.7410250639027633E-14,Iris-versicolor,2
1.5642097692426335E-24,2.004539996258033E-33,1.2258561252001351E-14,3.373569309418787E-14,Iris-versicolor,2
1.2166075982998253E-24,1.4578472700058423E-33,8.607074921617967E-15,2.108480818386742E-14,Iris-versicolor,2
1.638695948730379E-24,1.7615654512570596E-33,1.1997740799831109E-14,2.7410250639027633E-14,Iris-versicolor,2
1.2910937777875708E-24,1.6400781787565732E-33,1.0171997634639415E-14,2.951873145741436E-14,Iris-versicolor,2
1.2414363247957407E-24,1.2148727250048688E-33,9.12871582595845E-15,2.108480818386742E-14,Iris-versicolor,2
1.4648948632589744E-24,1.8223090875073023E-33,1.0954458991150139E-14,3.162721227580111E-14,Iris-versicolor,2
1.4897235897548885E-24,1.3363599975053564E-33,1.043281808680966E-14,2.108480818386742E-14,Iris-versicolor,2
1.514552316250804E-24,1.7615654512570596E-33,1.2258561252001351E-14,2.951873145741436E-14,Iris-versicolor,2
1.3904086837712299E-24,1.7615654512570596E-33,9.389536278128694E-15,2.7410250639027633E-14,Iris-versicolor,2
1.6635246752262925E-24,1.8830527237575454E-33,1.1476099895490625E-14,2.951873145741436E-14,Iris-versicolor,2
1.3904086837712299E-24,1.8223090875073023E-33,1.173692034766086E-14,3.162721227580111E-14,Iris-versicolor,2
1.440066136763059E-24,1.6400781787565732E-33,1.0693638538979898E-14,2.108480818386742E-14,Iris-versicolor,2
1.5393810427467195E-24,1.3363599975053564E-33,1.173692034766086E-14,3.162721227580111E-14,Iris-versicolor,2
1.3904086837712299E-24,1.5185909062560862E-33,1.0171997634639415E-14,2.3193289002254152E-14,Iris-versicolor,2
1.4648948632589744E-24,1.9437963600077905E-33,1.251938170417159E-14,3.795265473096136E-14,Iris-versicolor,2
1.514552316250804E-24,1.7008218150068166E-33,1.043281808680966E-14,2.7410250639027633E-14,Iris-versicolor,2
1.5642097692426335E-24,1.5185909062560862E-33,1.2780202156341837E-14,3.162721227580111E-14,Iris-versicolor,2
1.514552316250804E-24,1.7008218150068166E-33,1.2258561252001351E-14,2.5301769820640887E-14,Iris-versicolor,2
1.589038495738548E-24,1.7615654512570596E-33,1.1215279443320385E-14,2.7410250639027633E-14,Iris-versicolor,2
1.638695948730379E-24,1.8223090875073023E-33,1.1476099895490625E-14,2.951873145741436E-14,Iris-versicolor,2
1.688353401722206E-24,1.7008218150068166E-33,1.251938170417159E-14,2.951873145741436E-14,Iris-versicolor,2
1.6635246752262925E-24,1.8223090875073023E-33,1.3041022608512083E-14,3.5844173912574605E-14,Iris-versicolor,2
1.4897235897548885E-24,1.7615654512570596E-33,1.173692034766086E-14,3.162721227580111E-14,Iris-versicolor,2
1.4152374102671441E-24,1.5793345425063295E-33,9.12871582595845E-15,2.108480818386742E-14,Iris-versicolor,2
1.3655799572753148E-24,1.4578472700058423E-33,9.911177182469174E-15,2.3193289002254152E-14,Iris-versicolor,2
1.3655799572753148E-24,1.4578472700058423E-33,9.650356730298932E-15,2.108480818386742E-14,Iris-versicolor,2
1.440066136763059E-24,1.6400781787565732E-33,1.0171997634639415E-14,2.5301769820640887E-14,Iris-versicolor,2
1.4897235897548885E-24,1.6400781787565732E-33,1.3301843060682318E-14,3.373569309418787E-14,Iris-versicolor,2
1.3407512307794007E-24,1.8223090875073023E-33,1.173692034766086E-14,3.162721227580111E-14,Iris-versicolor,2
1.4897235897548885E-24,2.0652836325082762E-33,1.173692034766086E-14,3.373569309418787E-14,Iris-versicolor,2
1.6635246752262925E-24,1.8830527237575454E-33,1.2258561252001351E-14,3.162721227580111E-14,Iris-versicolor,2
1.5642097692426335E-24,1.397103633755599E-33,1.1476099895490625E-14,2.7410250639027633E-14,Iris-versicolor,2
1.3904086837712299E-24,1.8223090875073023E-33,1.0693638538979898E-14,2.7410250639027633E-14,Iris-versicolor,2
1.3655799572753148E-24,1.5185909062560862E-33,1.043281808680966E-14,2.7410250639027633E-14,Iris-versicolor,2
1.3655799572753148E-24,1.5793345425063295E-33,1.1476099895490625E-14,2.5301769820640887E-14,Iris-versicolor,2
1.514552316250804E-24,1.8223090875073023E-33,1.1997740799831109E-14,2.951873145741436E-14,Iris-versicolor,2
1.440066136763059E-24,1.5793345425063295E-33,1.043281808680966E-14,2.5301769820640887E-14,Iris-versicolor,2
1.2414363247957407E-24,1.397103633755599E-33,8.607074921617967E-15,2.108480818386742E-14,Iris-versicolor,2
1.3904086837712299E-24,1.6400781787565732E-33,1.0954458991150139E-14,2.7410250639027633E-14,Iris-versicolor,2
1.4152374102671441E-24,1.8223090875073023E-33,1.0954458991150139E-14,2.5301769820640887E-14,Iris-versicolor,2
1.4152374102671441E-24,1.7615654512570596E-33,1.0954458991150139E-14,2.7410250639027633E-14,Iris-versicolor,2
1.5393810427467195E-24,1.7615654512570596E-33,1.1215279443320385E-14,2.7410250639027633E-14,Iris-versicolor,2
1.2662650512916554E-24,1.5185909062560862E-33,7.824613565107246E-15,2.3193289002254152E-14,Iris-versicolor,2
1.4152374102671441E-24,1.7008218150068166E-33,1.0693638538979898E-14,2.7410250639027633E-14,Iris-versicolor,2
1.440066136763059E-24,1.6400781787565732E-33,1.3301843060682318E-14,4.0061135549348074E-14,Iris-virginica,2
1.5642097692426335E-24,1.7615654512570596E-33,1.4605945321533522E-14,3.795265473096136E-14,Iris-virginica,2
1.2166075982998253E-24,1.5185909062560862E-33,1.173692034766086E-14,3.5844173912574605E-14,Iris-virginica,2
1.8124970342017808E-24,1.7615654512570596E-33,1.6431688486725217E-14,3.795265473096136E-14,Iris-virginica,2
1.6635246752262925E-24,1.5185909062560862E-33,1.5127586225874003E-14,3.795265473096136E-14,Iris-virginica,2
1.6138672222344642E-24,1.9437963600077905E-33,1.3301843060682318E-14,4.216961636773484E-14,Iris-virginica,2
1.589038495738548E-24,1.6400781787565732E-33,1.3823483965022795E-14,4.0061135549348074E-14,Iris-virginica,2
1.4152374102671441E-24,1.5185909062560862E-33,1.3041022608512083E-14,4.216961636773484E-14,Iris-virginica,2
1.6138672222344642E-24,1.8223090875073023E-33,1.4345124869363275E-14,3.795265473096136E-14,Iris-virginica,2
1.4897235897548885E-24,1.3363599975053564E-33,1.3041022608512083E-14,3.162721227580111E-14,Iris-virginica,2
1.3904086837712299E-24,1.7008218150068166E-33,1.2780202156341837E-14,4.216961636773484E-14,Iris-virginica,2
1.9118119401854418E-24,1.7008218150068166E-33,1.7474970295406177E-14,4.216961636773484E-14,Iris-virginica,2
1.5642097692426335E-24,1.6400781787565732E-33,1.2780202156341837E-14,3.795265473096136E-14,Iris-virginica,2
1.7876683077058664E-24,1.9437963600077905E-33,1.564922713021449E-14,3.795265473096136E-14,Iris-virginica,2
1.5393810427467195E-24,1.7008218150068166E-33,1.251938170417159E-14,3.795265473096136E-14,Iris-virginica,2
1.514552316250804E-24,1.8223090875073023E-33,1.2780202156341837E-14,3.795265473096136E-14,Iris-virginica,2
1.7876683077058664E-24,1.8223090875073023E-33,1.5127586225874003E-14,3.373569309418787E-14,Iris-virginica,2
1.837325760697697E-24,1.7008218150068166E-33,1.5910047582384726E-14,4.0061135549348074E-14,Iris-virginica,2
1.961469393177271E-24,2.3082581775092498E-33,1.6692508938895442E-14,4.216961636773484E-14,Iris-virginica,2
1.5642097692426335E-24,1.7008218150068166E-33,1.3301843060682318E-14,3.162721227580111E-14,Iris-virginica,2
1.514552316250804E-24,1.5793345425063295E-33,1.4605945321533522E-14,2.951873145741436E-14,Iris-virginica,2
1.589038495738548E-24,1.8830527237575454E-33,1.4345124869363275E-14,3.795265473096136E-14,Iris-virginica,2
1.4897235897548885E-24,1.8223090875073023E-33,1.251938170417159E-14,3.795265473096136E-14,Iris-virginica,2
1.440066136763059E-24,1.6400781787565732E-33,1.3301843060682318E-14,4.0061135549348074E-14,Iris-virginica,2
1.5642097692426335E-24,1.5185909062560862E-33,1.3041022608512083E-14,4.0061135549348074E-14,Iris-virginica,2
1.6138672222344642E-24,1.8223090875073023E-33,1.3562663512852568E-14,4.216961636773484E-14,Iris-virginica,2
1.4648948632589744E-24,1.8223090875073023E-33,1.3301843060682318E-14,3.795265473096136E-14,Iris-virginica,2
