0.246600050666667,0.10824948123456811,0.2235798637939291,0.037099054629629646,Iris-setosa,0
0.23692946044444477,0.0927852696296298,0.2235798637939291,0.037099054629629646,Iris-setosa,0
0.22725887022222252,0.09897095427160513,0.2076098735229342,0.037099054629629646,Iris-setosa,0
0.22242357511111138,0.09587811195061745,0.23954985406492404,0.037099054629629646,Iris-setosa,0
0.24176475555555588,0.11134232355555576,0.2235798637939291,0.037099054629629646,Iris-setosa,0
0.26110593600000037,0.12062085051851874,0.27148983460691395,0.07419810925925929,Iris-setosa,0
0.22242357511111138,0.10515663891358043,0.2235798637939291,0.055648581944444456,Iris-setosa,0
0.24176475555555588,0.10515663891358043,0.23954985406492404,0.037099054629629646,Iris-setosa,0
0.2127529848888892,0.08969242730864213,0.2235798637939291,0.037099054629629646,Iris-setosa,0
0.23692946044444477,0.09587811195061745,0.23954985406492404,0.018549527314814823,Iris-setosa,0
0.26110593600000037,0.11443516587654343,0.23954985406492404,0.037099054629629646,Iris-setosa,0
0.23209416533333366,0.10515663891358043,0.255519844335919,0.037099054629629646,Iris-setosa,0
0.23209416533333366,0.0927852696296298,0.2235798637939291,0.018549527314814823,Iris-setosa,0
0.20791768977777805,0.0927852696296298,0.17566989298094432,0.018549527314814823,Iris-setosa,0
0.2804471164444448,0.1237136928395064,0.19163988325193923,0.037099054629629646,Iris-setosa,0
0.2756118213333337,0.13608506212345706,0.23954985406492404,0.07419810925925929,Iris-setosa,0
0.26110593600000037,0.12062085051851874,0.2076098735229342,0.07419810925925929,Iris-setosa,0
0.246600050666667,0.10824948123456811,0.2235798637939291,0.055648581944444456,Iris-setosa,0
0.2756118213333337,0.11752800819753108,0.27148983460691395,0.055648581944444456,Iris-setosa,0
0.246600050666667,0.11752800819753108,0.23954985406492404,0.055648581944444456,Iris-setosa,0
0.26110593600000037,0.10515663891358043,0.27148983460691395,0.037099054629629646,Iris-setosa,0
0.246600050666667,0.11443516587654343,0.23954985406492404,0.07419810925925929,Iris-setosa,0
0.22242357511111138,0.11134232355555576,0.15969990270994938,0.037099054629629646,Iris-setosa,0
0.246600050666667,0.10206379659259276,0.27148983460691395,0.0927476365740741,Iris-setosa,0
0.23209416533333366,0.10515663891358043,0.30342981514890377,0.037099054629629646,Iris-setosa,0
0.24176475555555588,0.0927852696296298,0.255519844335919,0.037099054629629646,Iris-setosa,0
0.24176475555555588,0.10515663891358043,0.255519844335919,0.07419810925925929,Iris-setosa,0
0.2514353457777781,0.10824948123456811,0.23954985406492404,0.037099054629629646,Iris-setosa,0
0.2514353457777781,0.10515663891358043,0.2235798637939291,0.037099054629629646,Iris-setosa,0
0.22725887022222252,0.09897095427160513,0.255519844335919,0.037099054629629646,Iris-setosa,0
0.23209416533333366,0.09587811195061745,0.255519844335919,0.037099054629629646,Iris-setosa,0
0.26110593600000037,0.10515663891358043,0.23954985406492404,0.07419810925925929,Iris-setosa,0
0.2514353457777781,0.12680653516049406,0.23954985406492404,0.018549527314814823,Iris-setosa,0
0.26594123111111145,0.12989937748148173,0.2235798637939291,0.037099054629629646,Iris-setosa,0
0.23692946044444477,0.09587811195061745,0.23954985406492404,0.018549527314814823,Iris-setosa,0
0.24176475555555588,0.09897095427160513,0.19163988325193923,0.037099054629629646,Iris-setosa,0
0.26594123111111145,0.10824948123456811,0.2076098735229342,0.037099054629629646,Iris-setosa,0
0.23692946044444477,0.09587811195061745,0.23954985406492404,0.018549527314814823,Iris-setosa,0
0.2127529848888892,0.0927852696296298,0.2076098735229342,0.037099054629629646,Iris-setosa,0
0.246600050666667,0.10515663891358043,0.23954985406492404,0.037099054629629646,Iris-setosa,0
0.24176475555555588,0.10824948123456811,0.2076098735229342,0.055648581944444456,Iris-setosa,0
0.2175882800000003,0.07113537338271618,0.2076098735229342,0.055648581944444456,Iris-setosa,0
0.2127529848888892,0.09897095427160513,0.2076098735229342,0.037099054629629646,Iris-setosa,0
0.24176475555555588,0.10824948123456811,0.255519844335919,0.11129716388888891,Iris-setosa,0
0.246600050666667,0.11752800819753108,0.30342981514890377,0.07419810925925929,Iris-setosa,0
0.23209416533333366,0.0927852696296298,0.2235798637939291,0.055648581944444456,Iris-setosa,0
0.246600050666667,0.11752800819753108,0.255519844335919,0.037099054629629646,Iris-setosa,0
0.22242357511111138,0.09897095427160513,0.2235798637939291,0.037099054629629646,Iris-setosa,0
0.25627064088888923,0.11443516587654343,0.23954985406492404,0.037099054629629646,Iris-setosa,0
0.24176475555555588,0.10206379659259276,0.2235798637939291,0.037099054629629646,Iris-setosa,0
0.3239647724444449,0.0927852696296298,0.7984995135497469,0.3153419643518519,Iris-versicolor,1
0.29011770666666703,0.08350674266666683,0.8144695038207417,0.29679243703703717,Iris-versicolor,1
0.3046235920000004,0.10206379659259276,0.9581994162596962,0.46373818287037055,Iris-virginica,1
0.2804471164444448,0.08350674266666683,0.8144695038207417,0.3524410189814816,Iris-virginica,1
0.3433059528888894,0.0927852696296298,0.9422294259887014,0.3895400736111112,Iris-virginica,1
0.3046235920000004,0.08969242730864213,0.8943194551757164,0.33389149166666676,Iris-virginica,1
0.31429418222222266,0.0927852696296298,0.9262594357177063,0.4080896009259261,Iris-virginica,1
0.36748242844444495,0.0927852696296298,1.0540193578856658,0.3895400736111112,Iris-virginica,1
0.35297654311111154,0.08969242730864213,1.0061093870726812,0.33389149166666676,Iris-virginica,1
0.3239647724444449,0.0773210580246915,0.9262594357177063,0.33389149166666676,Iris-virginica,1
0.3481412480000005,0.11134232355555576,0.9741694065306911,0.46373818287037055,Iris-virginica,1
0.31429418222222266,0.09897095427160513,0.8144695038207417,0.3709905462962964,Iris-virginica,1
0.3094588871111115,0.08350674266666683,0.8464094843627317,0.3524410189814816,Iris-virginica,1
0.32880006755555596,0.0927852696296298,0.8783494649047215,0.3895400736111112,Iris-virginica,1
0.2756118213333337,0.0773210580246915,0.7984995135497469,0.3709905462962964,Iris-virginica,1
0.2804471164444448,0.08659958498765448,0.8144695038207417,0.44518865555555565,Iris-virginica,1
0.3094588871111115,0.09897095427160513,0.8464094843627317,0.42663912824074085,Iris-virginica,1
0.31429418222222266,0.0927852696296298,0.8783494649047215,0.33389149166666676,Iris-virginica,1
0.3723177235555561,0.11752800819753108,1.0699893481566607,0.4080896009259261,Iris-virginica,1
0.3723177235555561,0.08041390034567916,1.1019293286986507,0.42663912824074085,Iris-virginica,1
0.3336353626666671,0.09897095427160513,0.9102894454467113,0.42663912824074085,Iris-virginica,1
0.2707765262222226,0.08659958498765448,0.782529523278752,0.3709905462962964,Iris-virginica,1
0.3723177235555561,0.08659958498765448,1.0699893481566607,0.3709905462962964,Iris-virginica,1
0.3239647724444449,0.10206379659259276,0.9102894454467113,0.3895400736111112,Iris-virginica,1
0.3481412480000005,0.09897095427160513,0.9581994162596962,0.33389149166666676,Iris-virginica,1
0.3094588871111115,0.08659958498765448,0.8943194551757164,0.3895400736111112,Iris-virginica,1
0.3481412480000005,0.0927852696296298,0.9262594357177063,0.29679243703703717,Iris-virginica,1
0.3578118382222227,0.08659958498765448,0.9741694065306911,0.3524410189814816,Iris-virginica,1
0.38198831377777825,0.11752800819753108,1.022079377343676,0.3709905462962964,Iris-virginica,1
0.3094588871111115,0.08659958498765448,0.8943194551757164,0.4080896009259261,Iris-virginica,1
0.29495300177777817,0.08041390034567916,0.8943194551757164,0.25969338240740747,Iris-virginica,1
0.3723177235555561,0.0927852696296298,0.9741694065306911,0.42663912824074085,Iris-virginica,1
0.3046235920000004,0.10515663891358043,0.8943194551757164,0.44518865555555565,Iris-virginica,1
0.3094588871111115,0.09587811195061745,0.8783494649047215,0.33389149166666676,Iris-virginica,1
0.3336353626666671,0.09587811195061745,0.8623794746337266,0.3895400736111112,Iris-virginica,1
0.3239647724444449,0.09587811195061745,0.8943194551757164,0.44518865555555565,Iris-virginica,1
0.3336353626666671,0.09587811195061745,0.8144695038207417,0.42663912824074085,Iris-virginica,1
0.2804471164444448,0.08350674266666683,0.8144695038207417,0.3524410189814816,Iris-virginica,1
0.32880006755555596,0.09897095427160513,0.9422294259887014,0.42663912824074085,Iris-virginica,1
0.3239647724444449,0.10206379659259276,0.9102894454467113,0.46373818287037055,Iris-virginica,1
0.3239647724444449,0.0927852696296298,0.8304394940917368,0.42663912824074085,Iris-virginica,1
0.3046235920000004,0.0773210580246915,0.7984995135497469,0.3524410189814816,Iris-virginica,1
0.31429418222222266,0.0927852696296298,0.8304394940917368,0.3709905462962964,Iris-virginica,1
0.2997882968888893,0.10515663891358043,0.8623794746337266,0.42663912824074085,Iris-virginica,1
0.28528241155555595,0.0927852696296298,0.8144695038207417,0.33389149166666676,Iris-virginica,1
0.33847065777777824,0.09897095427160513,0.750589542736762,0.25969338240740747,Iris-versicolor,2
0.3094588871111115,0.09897095427160513,0.7186495621947722,0.2782429097222223,Iris-versicolor,2
0.3336353626666671,0.09587811195061745,0.782529523278752,0.2782429097222223,Iris-versicolor,2
0.26594123111111145,0.07113537338271618,0.6387996108397975,0.24114385509259267,Iris-versicolor,2
0.31429418222222266,0.08659958498765448,0.734619552465767,0.2782429097222223,Iris-versicolor,2
0.2756118213333337,0.08659958498765448,0.7186495621947722,0.24114385509259267,Iris-versicolor,2
0.3046235920000004,0.10206379659259276,0.750589542736762,0.29679243703703717,Iris-versicolor,2
0.23692946044444477,0.07422821570370383,0.5270096789428329,0.1854952731481482,Iris-versicolor,2
0.3191294773333338,0.08969242730864213,0.734619552465767,0.24114385509259267,Iris-versicolor,2
0.2514353457777781,0.08350674266666683,0.6228296205688025,0.25969338240740747,Iris-versicolor,2
0.24176475555555588,0.0618568464197532,0.5589496594848228,0.1854952731481482,Iris-versicolor,2
0.28528241155555595,0.0927852696296298,0.6707395913817874,0.2782429097222223,Iris-versicolor,2
0.29011770666666703,0.06804253106172853,0.6387996108397975,0.1854952731481482,Iris-versicolor,2
0.29495300177777817,0.08969242730864213,0.750589542736762,0.25969338240740747,Iris-versicolor,2
0.2707765262222226,0.08969242730864213,0.5749196497558178,0.24114385509259267,Iris-versicolor,2
0.3239647724444449,0.09587811195061745,0.7026795719237773,0.25969338240740747,Iris-versicolor,2
0.2707765262222226,0.0927852696296298,0.7186495621947722,0.2782429097222223,Iris-versicolor,2
0.2804471164444448,0.08350674266666683,0.6547696011107924,0.1854952731481482,Iris-versicolor,2
0.2997882968888893,0.06804253106172853,0.7186495621947722,0.2782429097222223,Iris-versicolor,2
0.2707765262222226,0.0773210580246915,0.6228296205688025,0.20404480046296306,Iris-versicolor,2
0.28528241155555595,0.09897095427160513,0.7665595330077569,0.33389149166666676,Iris-versicolor,2
0.29495300177777817,0.08659958498765448,0.6387996108397975,0.24114385509259267,Iris-versicolor,2
0.3046235920000004,0.0773210580246915,0.782529523278752,0.2782429097222223,Iris-versicolor,2
0.29495300177777817,0.08659958498765448,0.750589542736762,0.22259432777777782,Iris-versicolor,2
0.3094588871111115,0.08969242730864213,0.6867095816527823,0.24114385509259267,Iris-versicolor,2
0.3191294773333338,0.0927852696296298,0.7026795719237773,0.25969338240740747,Iris-versicolor,2
0.32880006755555596,0.08659958498765448,0.7665595330077569,0.25969338240740747,Iris-versicolor,2
0.29011770666666703,0.08969242730864213,0.7186495621947722,0.2782429097222223,Iris-versicolor,2
0.2756118213333337,0.08041390034567916,0.5589496594848228,0.1854952731481482,Iris-versicolor,2
0.26594123111111145,0.07422821570370383,0.6068596302978075,0.20404480046296306,Iris-versicolor,2
0.26594123111111145,0.07422821570370383,0.5908896400268128,0.1854952731481482,Iris-versicolor,2
0.2804471164444448,0.08350674266666683,0.6228296205688025,0.22259432777777782,Iris-versicolor,2
0.26110593600000037,0.0927852696296298,0.7186495621947722,0.2782429097222223,Iris-versicolor,2
0.29011770666666703,0.10515663891358043,0.7186495621947722,0.29679243703703717,Iris-versicolor,2
0.3239647724444449,0.09587811195061745,0.750589542736762,0.2782429097222223,Iris-versicolor,2
0.3046235920000004,0.07113537338271618,0.7026795719237773,0.24114385509259267,Iris-versicolor,2
0.2707765262222226,0.0927852696296298,0.6547696011107924,0.24114385509259267,Iris-versicolor,2
0.26594123111111145,0.0773210580246915,0.6387996108397975,0.24114385509259267,Iris-versicolor,2
0.26594123111111145,0.08041390034567916,0.7026795719237773,0.22259432777777782,Iris-versicolor,2
0.29495300177777817,0.0927852696296298,0.734619552465767,0.25969338240740747,Iris-versicolor,2
0.2804471164444448,0.08041390034567916,0.6387996108397975,0.22259432777777782,Iris-versicolor,2
0.24176475555555588,0.07113537338271618,0.5270096789428329,0.1854952731481482,Iris-versicolor,2
0.2707765262222226,0.08350674266666683,0.6707395913817874,0.24114385509259267,Iris-versicolor,2
0.2756118213333337,0.0927852696296298,0.6707395913817874,0.22259432777777782,Iris-versicolor,2
0.2756118213333337,0.08969242730864213,0.6707395913817874,0.24114385509259267,Iris-versicolor,2
0.2997882968888893,0.08969242730864213,0.6867095816527823,0.24114385509259267,Iris-versicolor,2
0.246600050666667,0.0773210580246915,0.4790997081298481,0.20404480046296306,Iris-versicolor,2
0.2756118213333337,0.08659958498765448,0.6547696011107924,0.24114385509259267,Iris-versicolor,2
0.23692946044444477,0.0773210580246915,0.7186495621947722,0.3153419643518519,Iris-virginica,2
0.29011770666666703,0.06804253106172853,0.7984995135497469,0.2782429097222223,Iris-virginica,2
0.3046235920000004,0.08350674266666683,0.782529523278752,0.33389149166666676,Iris-virginica,2
0.2997882968888893,0.08659958498765448,0.7665595330077569,0.33389149166666676,Iris-virginica,2
0.29495300177777817,0.0927852696296298,0.782529523278752,0.33389149166666676,Iris-virginica,2
0.3046235920000004,0.08659958498765448,0.8144695038207417,0.2782429097222223,Iris-virginica,2
0.29011770666666703,0.0927852696296298,0.7665595330077569,0.33389149166666676,Iris-virginica,2
