1.255368473542831E-11,1.5390023285753481E-15,9.297404323113612E-8,4.4363561282098634E-8,Iris-setosa,0
1.2061383373254648E-11,1.319144853064584E-15,9.297404323113612E-8,4.4363561282098634E-8,Iris-setosa,0
1.1569082011080991E-11,1.4070878432688899E-15,8.633304014319786E-8,4.4363561282098634E-8,Iris-setosa,0
1.1322931329994164E-11,1.3631163481667366E-15,9.961504631907444E-8,4.4363561282098634E-8,Iris-setosa,0
1.2307534054341482E-11,1.5829738236775012E-15,9.297404323113612E-8,4.4363561282098634E-8,Iris-setosa,0
1.3292136778688806E-11,1.71488830898396E-15,1.12897052494951E-7,8.872712256419727E-8,Iris-setosa,0
1.1322931329994164E-11,1.495030833473195E-15,9.297404323113612E-8,6.654534192314791E-8,Iris-setosa,0
1.2307534054341482E-11,1.495030833473195E-15,9.961504631907444E-8,4.4363561282098634E-8,Iris-setosa,0
1.0830629967820503E-11,1.2751733579624314E-15,9.297404323113612E-8,4.4363561282098634E-8,Iris-setosa,0
1.2061383373254648E-11,1.3631163481667366E-15,9.961504631907444E-8,2.2181780641049317E-8,Iris-setosa,0
1.3292136778688806E-11,1.6269453187796539E-15,9.961504631907444E-8,4.4363561282098634E-8,Iris-setosa,0
1.1815232692167826E-11,1.495030833473195E-15,1.0625604940701267E-7,4.4363561282098634E-8,Iris-setosa,0
1.1815232692167826E-11,1.319144853064584E-15,9.297404323113612E-8,2.2181780641049317E-8,Iris-setosa,0
1.0584479286733675E-11,1.319144853064584E-15,7.305103396732126E-8,2.2181780641049317E-8,Iris-setosa,0
1.4276739503036118E-11,1.7588598040861121E-15,7.969203705525954E-8,4.4363561282098634E-8,Iris-setosa,0
1.4030588821949286E-11,1.9347457844947244E-15,9.961504631907444E-8,8.872712256419727E-8,Iris-setosa,0
1.3292136778688806E-11,1.71488830898396E-15,8.633304014319786E-8,8.872712256419727E-8,Iris-setosa,0
1.255368473542831E-11,1.5390023285753481E-15,9.297404323113612E-8,6.654534192314791E-8,Iris-setosa,0
1.4030588821949286E-11,1.6709168138818062E-15,1.12897052494951E-7,6.654534192314791E-8,Iris-setosa,0
1.255368473542831E-11,1.6709168138818062E-15,9.961504631907444E-8,6.654534192314791E-8,Iris-setosa,0
1.3292136778688806E-11,1.495030833473195E-15,1.12897052494951E-7,4.4363561282098634E-8,Iris-setosa,0
1.255368473542831E-11,1.6269453187796539E-15,9.961504631907444E-8,8.872712256419727E-8,Iris-setosa,0
1.1322931329994164E-11,1.5829738236775012E-15,6.641003087938295E-8,4.4363561282098634E-8,Iris-setosa,0
1.255368473542831E-11,1.4510593383710421E-15,1.12897052494951E-7,1.1090890320524656E-7,Iris-setosa,0
1.1815232692167826E-11,1.495030833473195E-15,1.2617905867082757E-7,4.4363561282098634E-8,Iris-setosa,0
1.2307534054341482E-11,1.319144853064584E-15,1.0625604940701267E-7,4.4363561282098634E-8,Iris-setosa,0
1.2307534054341482E-11,1.495030833473195E-15,1.0625604940701267E-7,8.872712256419727E-8,Iris-setosa,0
1.2799835416515145E-11,1.5390023285753481E-15,9.961504631907444E-8,4.4363561282098634E-8,Iris-setosa,0
1.2799835416515145E-11,1.495030833473195E-15,9.297404323113612E-8,4.4363561282098634E-8,Iris-setosa,0
1.1569082011080991E-11,1.4070878432688899E-15,1.0625604940701267E-7,4.4363561282098634E-8,Iris-setosa,0
1.1815232692167826E-11,1.3631163481667366E-15,1.0625604940701267E-7,4.4363561282098634E-8,Iris-setosa,0
1.3292136778688806E-11,1.495030833473195E-15,9.961504631907444E-8,8.872712256419727E-8,Iris-setosa,0
1.2799835416515145E-11,1.8028312991882656E-15,9.961504631907444E-8,2.2181780641049317E-8,Iris-setosa,0
1.353828745977563E-11,1.8468027942904187E-15,9.297404323113612E-8,4.4363561282098634E-8,Iris-setosa,0
1.2061383373254648E-11,1.3631163481667366E-15,9.961504631907444E-8,2.2181780641049317E-8,Iris-setosa,0
1.2307534054341482E-11,1.4070878432688899E-15,7.969203705525954E-8,4.4363561282098634E-8,Iris-setosa,0
1.353828745977563E-11,1.5390023285753481E-15,8.633304014319786E-8,4.4363561282098634E-8,Iris-setosa,0
1.2061383373254648E-11,1.3631163481667366E-15,9.961504631907444E-8,2.2181780641049317E-8,Iris-setosa,0
1.0830629967820503E-11,1.319144853064584E-15,8.633304014319786E-8,4.4363561282098634E-8,Iris-setosa,0
1.255368473542831E-11,1.495030833473195E-15,9.961504631907444E-8,4.4363561282098634E-8,Iris-setosa,0
1.2307534054341482E-11,1.5390023285753481E-15,8.633304014319786E-8,6.654534192314791E-8,Iris-setosa,0
1.1076780648907335E-11,1.0113443873495145E-15,8.633304014319786E-8,6.654534192314791E-8,Iris-setosa,0
1.0830629967820503E-11,1.4070878432688899E-15,8.633304014319786E-8,4.4363561282098634E-8,Iris-setosa,0
1.2307534054341482E-11,1.5390023285753481E-15,1.0625604940701267E-7,1.3309068384629582E-7,Iris-setosa,0
1.255368473542831E-11,1.6709168138818062E-15,1.2617905867082757E-7,8.872712256419727E-8,Iris-setosa,0
1.1815232692167826E-11,1.319144853064584E-15,9.297404323113612E-8,6.654534192314791E-8,Iris-setosa,0
1.255368473542831E-11,1.6709168138818062E-15,1.0625604940701267E-7,4.4363561282098634E-8,Iris-setosa,0
1.1322931329994164E-11,1.4070878432688899E-15,9.297404323113612E-8,4.4363561282098634E-8,Iris-setosa,0
1.3045986097601969E-11,1.6269453187796539E-15,9.961504631907444E-8,4.4363561282098634E-8,Iris-setosa,0
1.2307534054341482E-11,1.4510593383710421E-15,9.297404323113612E-8,4.4363561282098634E-8,Iris-setosa,0
1.5507492908470268E-11,1.4510593383710421E-15,3.9846018527629777E-7,5.54544516026233E-7,Iris-virginica,1
1.747669835716491E-11,1.319144853064584E-15,3.918191821883594E-7,4.6581739346203555E-7,Iris-virginica,1
1.599979427064393E-11,1.319144853064584E-15,3.851781791004211E-7,4.879991741030849E-7,Iris-virginica,1
1.870745176259905E-11,1.319144853064584E-15,4.3830620380392734E-7,4.6581739346203555E-7,Iris-virginica,1
1.7722849038251734E-11,1.5829738236775012E-15,4.0510118836423583E-7,5.54544516026233E-7,Iris-virginica,1
1.599979427064393E-11,1.4070878432688899E-15,3.386911574848529E-7,4.4363561282098625E-7,Iris-virginica,1
1.673824631390441E-11,1.319144853064584E-15,3.652551698366061E-7,4.6581739346203555E-7,Iris-virginica,1
1.4030588821949286E-11,1.0992873775538203E-15,3.320501543969149E-7,4.4363561282098625E-7,Iris-virginica,1
1.4276739503036118E-11,1.2312018628602785E-15,3.386911574848529E-7,5.323627353851833E-7,Iris-virginica,1
1.5753643589557097E-11,1.4070878432688899E-15,3.519731636607296E-7,5.101809547441342E-7,Iris-virginica,1
1.895360244368589E-11,1.6709168138818062E-15,4.4494720689186566E-7,4.879991741030849E-7,Iris-virginica,1
1.895360244368589E-11,1.1432588726559732E-15,4.582292130677424E-7,5.101809547441342E-7,Iris-virginica,1
1.698439699499125E-11,1.4070878432688899E-15,3.7853717601248275E-7,5.101809547441342E-7,Iris-virginica,1
1.3784438140862462E-11,1.2312018628602785E-15,3.2540915130897654E-7,4.4363561282098625E-7,Iris-virginica,1
1.895360244368589E-11,1.2312018628602785E-15,4.4494720689186566E-7,4.4363561282098625E-7,Iris-virginica,1
1.6492095632817587E-11,1.4510593383710421E-15,3.7853717601248275E-7,4.6581739346203555E-7,Iris-virginica,1
1.5753643589557097E-11,1.2312018628602785E-15,3.718961729245445E-7,4.6581739346203555E-7,Iris-virginica,1
1.944590380585954E-11,1.6709168138818062E-15,4.250241976280507E-7,4.4363561282098625E-7,Iris-virginica,1
1.5753643589557097E-11,1.2312018628602785E-15,3.718961729245445E-7,4.879991741030849E-7,Iris-virginica,1
1.895360244368589E-11,1.319144853064584E-15,4.0510118836423583E-7,5.101809547441342E-7,Iris-virginica,1
1.5507492908470268E-11,1.495030833473195E-15,3.718961729245445E-7,5.323627353851833E-7,Iris-virginica,1
1.698439699499125E-11,1.3631163481667366E-15,3.58614166748668E-7,4.6581739346203555E-7,Iris-virginica,1
1.6492095632817587E-11,1.3631163481667366E-15,3.718961729245445E-7,5.323627353851833E-7,Iris-virginica,1
1.698439699499125E-11,1.3631163481667366E-15,3.386911574848529E-7,5.101809547441342E-7,Iris-virginica,1
1.673824631390441E-11,1.4070878432688899E-15,3.918191821883594E-7,5.101809547441342E-7,Iris-virginica,1
1.6492095632817587E-11,1.4510593383710421E-15,3.7853717601248275E-7,5.54544516026233E-7,Iris-virginica,1
1.6492095632817587E-11,1.319144853064584E-15,3.4533216057279146E-7,5.101809547441342E-7,Iris-virginica,1
1.599979427064393E-11,1.319144853064584E-15,3.4533216057279146E-7,4.4363561282098625E-7,Iris-virginica,1
1.526134222738344E-11,1.495030833473195E-15,3.58614166748668E-7,5.101809547441342E-7,Iris-virginica,1
1.7230547676078077E-11,1.4070878432688899E-15,3.1212714513309984E-7,3.1054492897469024E-7,Iris-versicolor,2
1.5753643589557097E-11,1.4070878432688899E-15,2.988451389572232E-7,3.327267096157397E-7,Iris-versicolor,2
1.698439699499125E-11,1.3631163481667366E-15,3.2540915130897654E-7,3.327267096157397E-7,Iris-versicolor,2
1.353828745977563E-11,1.0113443873495145E-15,2.656401235175318E-7,2.88363148333641E-7,Iris-versicolor,2
1.599979427064393E-11,1.2312018628602785E-15,3.054861420451615E-7,3.327267096157397E-7,Iris-versicolor,2
1.4030588821949286E-11,1.2312018628602785E-15,2.988451389572232E-7,2.88363148333641E-7,Iris-versicolor,2
1.5507492908470268E-11,1.4510593383710421E-15,3.1212714513309984E-7,3.5490849025678907E-7,Iris-versicolor,2
1.2061383373254648E-11,1.0553158824516674E-15,2.1915310190196367E-7,2.2181780641049312E-7,Iris-versicolor,2
1.624594495173076E-11,1.2751733579624314E-15,3.054861420451615E-7,2.88363148333641E-7,Iris-versicolor,2
1.2799835416515145E-11,1.1872303677581262E-15,2.5899912042959347E-7,3.1054492897469024E-7,Iris-versicolor,2
1.2307534054341482E-11,8.794299020430561E-16,2.3243510807784023E-7,2.2181780641049312E-7,Iris-versicolor,2
1.4522890184122948E-11,1.319144853064584E-15,2.7892212969340833E-7,3.327267096157397E-7,Iris-versicolor,2
1.4769040865209775E-11,9.673728922473622E-16,2.656401235175318E-7,2.2181780641049312E-7,Iris-versicolor,2
1.5015191546296607E-11,1.2751733579624314E-15,3.1212714513309984E-7,3.1054492897469024E-7,Iris-versicolor,2
1.3784438140862462E-11,1.2751733579624314E-15,2.390761111657787E-7,2.88363148333641E-7,Iris-versicolor,2
1.6492095632817587E-11,1.3631163481667366E-15,2.9220413586928503E-7,3.1054492897469024E-7,Iris-versicolor,2
1.3784438140862462E-11,1.319144853064584E-15,2.988451389572232E-7,3.327267096157397E-7,Iris-versicolor,2
1.4276739503036118E-11,1.1872303677581262E-15,2.7228112660547006E-7,2.2181780641049312E-7,Iris-versicolor,2
1.526134222738344E-11,9.673728922473622E-16,2.988451389572232E-7,3.327267096157397E-7,Iris-versicolor,2
1.3784438140862462E-11,1.0992873775538203E-15,2.5899912042959347E-7,2.4399958705154243E-7,Iris-versicolor,2
1.4522890184122948E-11,1.4070878432688899E-15,3.1876814822103816E-7,3.992720515388876E-7,Iris-versicolor,2
1.5015191546296607E-11,1.2312018628602785E-15,2.656401235175318E-7,2.88363148333641E-7,Iris-versicolor,2
1.5507492908470268E-11,1.0992873775538203E-15,3.2540915130897654E-7,3.327267096157397E-7,Iris-versicolor,2
1.5015191546296607E-11,1.2312018628602785E-15,3.1212714513309984E-7,2.6618136769259163E-7,Iris-versicolor,2
1.5753643589557097E-11,1.2751733579624314E-15,2.855631327813466E-7,2.88363148333641E-7,Iris-versicolor,2
1.624594495173076E-11,1.319144853064584E-15,2.9220413586928503E-7,3.1054492897469024E-7,Iris-versicolor,2
1.673824631390441E-11,1.2312018628602785E-15,3.1876814822103816E-7,3.1054492897469024E-7,Iris-versicolor,2
1.6492095632817587E-11,1.319144853064584E-15,3.320501543969149E-7,3.7709027089783827E-7,Iris-versicolor,2
1.4769040865209775E-11,1.2751733579624314E-15,2.988451389572232E-7,3.327267096157397E-7,Iris-versicolor,2
1.4030588821949286E-11,1.1432588726559732E-15,2.3243510807784023E-7,2.2181780641049312E-7,Iris-versicolor,2
1.353828745977563E-11,1.0553158824516674E-15,2.5235811734165515E-7,2.4399958705154243E-7,Iris-versicolor,2
1.353828745977563E-11,1.0553158824516674E-15,2.4571711425371693E-7,2.2181780641049312E-7,Iris-versicolor,2
1.4276739503036118E-11,1.1872303677581262E-15,2.5899912042959347E-7,2.6618136769259163E-7,Iris-versicolor,2
1.4769040865209775E-11,1.1872303677581262E-15,3.386911574848529E-7,3.5490849025678907E-7,Iris-versicolor,2
1.3292136778688806E-11,1.319144853064584E-15,2.988451389572232E-7,3.327267096157397E-7,Iris-versicolor,2
1.4769040865209775E-11,1.495030833473195E-15,2.988451389572232E-7,3.5490849025678907E-7,Iris-versicolor,2
1.6492095632817587E-11,1.3631163481667366E-15,3.1212714513309984E-7,3.327267096157397E-7,Iris-versicolor,2
1.5507492908470268E-11,1.0113443873495145E-15,2.9220413586928503E-7,2.88363148333641E-7,Iris-versicolor,2
1.3784438140862462E-11,1.319144853064584E-15,2.7228112660547006E-7,2.88363148333641E-7,Iris-versicolor,2
1.353828745977563E-11,1.0992873775538203E-15,2.656401235175318E-7,2.88363148333641E-7,Iris-versicolor,2
1.353828745977563E-11,1.1432588726559732E-15,2.9220413586928503E-7,2.6618136769259163E-7,Iris-versicolor,2
1.5015191546296607E-11,1.319144853064584E-15,3.054861420451615E-7,3.1054492897469024E-7,Iris-versicolor,2
1.4276739503036118E-11,1.1432588726559732E-15,2.656401235175318E-7,2.6618136769259163E-7,Iris-versicolor,2
1.2307534054341482E-11,1.0113443873495145E-15,2.1915310190196367E-7,2.2181780641049312E-7,Iris-versicolor,2
1.3784438140862462E-11,1.1872303677581262E-15,2.7892212969340833E-7,2.88363148333641E-7,Iris-versicolor,2
1.4030588821949286E-11,1.319144853064584E-15,2.7892212969340833E-7,2.6618136769259163E-7,Iris-versicolor,2
1.4030588821949286E-11,1.2751733579624314E-15,2.7892212969340833E-7,2.88363148333641E-7,Iris-versicolor,2
1.526134222738344E-11,1.2751733579624314E-15,2.855631327813466E-7,2.88363148333641E-7,Iris-versicolor,2
1.255368473542831E-11,1.0992873775538203E-15,1.9923009263814889E-7,2.4399958705154243E-7,Iris-versicolor,2
1.4030588821949286E-11,1.2312018628602785E-15,2.7228112660547006E-7,2.88363148333641E-7,Iris-versicolor,2
1.4276739503036118E-11,1.1872303677581262E-15,3.386911574848529E-7,4.214538321799369E-7,Iris-virginica,2
1.5507492908470268E-11,1.2751733579624314E-15,3.718961729245445E-7,3.992720515388876E-7,Iris-virginica,2
1.2061383373254648E-11,1.0992873775538203E-15,2.988451389572232E-7,3.7709027089783827E-7,Iris-virginica,2
1.7968999719338557E-11,1.2751733579624314E-15,4.1838319454011263E-7,3.992720515388876E-7,Iris-virginica,2
1.6492095632817587E-11,1.0992873775538203E-15,3.851781791004211E-7,3.992720515388876E-7,Iris-virginica,2
1.5753643589557097E-11,1.1872303677581262E-15,3.519731636607296E-7,4.214538321799369E-7,Iris-virginica,2
1.599979427064393E-11,1.319144853064584E-15,3.652551698366061E-7,3.992720515388876E-7,Iris-virginica,2
1.4769040865209775E-11,9.673728922473622E-16,3.320501543969149E-7,3.327267096157397E-7,Iris-virginica,2
1.5507492908470268E-11,1.1872303677581262E-15,3.2540915130897654E-7,3.992720515388876E-7,Iris-virginica,2
1.7722849038251734E-11,1.4070878432688899E-15,3.9846018527629777E-7,3.992720515388876E-7,Iris-virginica,2
1.526134222738344E-11,1.2312018628602785E-15,3.1876814822103816E-7,3.992720515388876E-7,Iris-virginica,2
1.5015191546296607E-11,1.319144853064584E-15,3.2540915130897654E-7,3.992720515388876E-7,Iris-virginica,2
1.7722849038251734E-11,1.319144853064584E-15,3.851781791004211E-7,3.5490849025678907E-7,Iris-virginica,2
1.8215150400425395E-11,1.2312018628602785E-15,4.0510118836423583E-7,4.214538321799369E-7,Iris-virginica,2
1.5507492908470268E-11,1.2312018628602785E-15,3.386911574848529E-7,3.327267096157397E-7,Iris-virginica,2
1.5015191546296607E-11,1.1432588726559732E-15,3.718961729245445E-7,3.1054492897469024E-7,Iris-virginica,2
1.5753643589557097E-11,1.3631163481667366E-15,3.652551698366061E-7,3.992720515388876E-7,Iris-virginica,2
1.4769040865209775E-11,1.319144853064584E-15,3.1876814822103816E-7,3.992720515388876E-7,Iris-virginica,2
1.4276739503036118E-11,1.1872303677581262E-15,3.386911574848529E-7,4.214538321799369E-7,Iris-virginica,2
1.5507492908470268E-11,1.0992873775538203E-15,3.320501543969149E-7,4.214538321799369E-7,Iris-virginica,2
1.4522890184122948E-11,1.319144853064584E-15,3.386911574848529E-7,3.992720515388876E-7,Iris-virginica,2
