6.725884243648022E-24,2.1901170085888036E-32,9.128968277355938E-15,1.0110710741284795E-14,Iris-setosa,0
6.4621240772304504E-24,1.877243150218974E-32,9.128968277355938E-15,1.0110710741284795E-14,Iris-setosa,0
6.1983639108128836E-24,2.0023926935669068E-32,8.476899114687664E-15,1.0110710741284795E-14,Iris-setosa,0
6.066483827604099E-24,1.9398179218929393E-32,9.781037440024223E-15,1.0110710741284795E-14,Iris-setosa,0
6.594004160439238E-24,2.2526917802627688E-32,9.128968277355938E-15,1.0110710741284795E-14,Iris-setosa,0
7.12152449327438E-24,2.4404160952846686E-32,1.1085175765360782E-14,2.022142148256959E-14,Iris-setosa,0
6.066483827604099E-24,2.1275422369148372E-32,9.128968277355938E-15,1.5166066111927184E-14,Iris-setosa,0
6.594004160439238E-24,2.1275422369148372E-32,9.781037440024223E-15,1.0110710741284795E-14,Iris-setosa,0
5.802723661186531E-24,1.814668378545009E-32,9.128968277355938E-15,1.0110710741284795E-14,Iris-setosa,0
6.4621240772304504E-24,1.9398179218929393E-32,9.781037440024223E-15,5.055355370642397E-15,Iris-setosa,0
7.12152449327438E-24,2.3152665519367357E-32,9.781037440024223E-15,1.0110710741284795E-14,Iris-setosa,0
6.3302439940216725E-24,2.1275422369148372E-32,1.0433106602692495E-14,1.0110710741284795E-14,Iris-setosa,0
6.3302439940216725E-24,1.877243150218974E-32,9.128968277355938E-15,5.055355370642397E-15,Iris-setosa,0
5.670843577977745E-24,1.877243150218974E-32,7.172760789351095E-15,5.055355370642397E-15,Iris-setosa,0
7.649044826109514E-24,2.502990866958633E-32,7.824829952019376E-15,1.0110710741284795E-14,Iris-setosa,0
7.517164742900729E-24,2.753289953654498E-32,9.781037440024223E-15,2.022142148256959E-14,Iris-setosa,0
7.12152449327438E-24,2.4404160952846686E-32,8.476899114687664E-15,2.022142148256959E-14,Iris-setosa,0
6.725884243648022E-24,2.1901170085888036E-32,9.128968277355938E-15,1.5166066111927184E-14,Iris-setosa,0
7.517164742900729E-24,2.3778413236107007E-32,1.1085175765360782E-14,1.5166066111927184E-14,Iris-setosa,0
6.725884243648022E-24,2.3778413236107007E-32,9.781037440024223E-15,1.5166066111927184E-14,Iris-setosa,0
7.12152449327438E-24,2.1275422369148372E-32,1.1085175765360782E-14,1.0110710741284795E-14,Iris-setosa,0
6.725884243648022E-24,2.3152665519367357E-32,9.781037440024223E-15,2.022142148256959E-14,Iris-setosa,0
6.066483827604099E-24,2.2526917802627688E-32,6.520691626682814E-15,1.0110710741284795E-14,Iris-setosa,0
6.725884243648022E-24,2.0649674652408717E-32,1.1085175765360782E-14,2.5276776853211994E-14,Iris-setosa,0
6.3302439940216725E-24,2.1275422369148372E-32,1.2389314090697344E-14,1.0110710741284795E-14,Iris-setosa,0
6.594004160439238E-24,1.877243150218974E-32,1.0433106602692495E-14,1.0110710741284795E-14,Iris-setosa,0
6.594004160439238E-24,2.1275422369148372E-32,1.0433106602692495E-14,2.022142148256959E-14,Iris-setosa,0
6.85776432685681E-24,2.1901170085888036E-32,9.781037440024223E-15,1.0110710741284795E-14,Iris-setosa,0
6.85776432685681E-24,2.1275422369148372E-32,9.128968277355938E-15,1.0110710741284795E-14,Iris-setosa,0
6.1983639108128836E-24,2.0023926935669068E-32,1.0433106602692495E-14,1.0110710741284795E-14,Iris-setosa,0
6.3302439940216725E-24,1.9398179218929393E-32,1.0433106602692495E-14,1.0110710741284795E-14,Iris-setosa,0
7.12152449327438E-24,2.1275422369148372E-32,9.781037440024223E-15,2.022142148256959E-14,Iris-setosa,0
6.85776432685681E-24,2.5655656386325997E-32,9.781037440024223E-15,5.055355370642397E-15,Iris-setosa,0
7.253404576483162E-24,2.628140410306565E-32,9.128968277355938E-15,1.0110710741284795E-14,Iris-setosa,0
6.4621240772304504E-24,1.9398179218929393E-32,9.781037440024223E-15,5.055355370642397E-15,Iris-setosa,0
6.594004160439238E-24,2.0023926935669068E-32,7.824829952019376E-15,1.0110710741284795E-14,Iris-setosa,0
7.253404576483162E-24,2.1901170085888036E-32,8.476899114687664E-15,1.0110710741284795E-14,Iris-setosa,0
6.4621240772304504E-24,1.9398179218929393E-32,9.781037440024223E-15,5.055355370642397E-15,Iris-setosa,0
5.802723661186531E-24,1.877243150218974E-32,8.476899114687664E-15,1.0110710741284795E-14,Iris-setosa,0
6.725884243648022E-24,2.1275422369148372E-32,9.781037440024223E-15,1.0110710741284795E-14,Iris-setosa,0
6.594004160439238E-24,2.1901170085888036E-32,8.476899114687664E-15,1.5166066111927184E-14,Iris-setosa,0
5.9346037443953146E-24,1.439219748501214E-32,8.476899114687664E-15,1.5166066111927184E-14,Iris-setosa,0
5.802723661186531E-24,2.0023926935669068E-32,8.476899114687664E-15,1.0110710741284795E-14,Iris-setosa,0
6.594004160439238E-24,2.1901170085888036E-32,1.0433106602692495E-14,3.033213222385437E-14,Iris-setosa,0
6.725884243648022E-24,2.3778413236107007E-32,1.2389314090697344E-14,2.022142148256959E-14,Iris-setosa,0
6.3302439940216725E-24,1.877243150218974E-32,9.128968277355938E-15,1.5166066111927184E-14,Iris-setosa,0
6.725884243648022E-24,2.3778413236107007E-32,1.0433106602692495E-14,1.0110710741284795E-14,Iris-setosa,0
6.066483827604099E-24,2.0023926935669068E-32,9.128968277355938E-15,1.0110710741284795E-14,Iris-setosa,0
6.989644410065593E-24,2.3152665519367357E-32,9.781037440024223E-15,1.0110710741284795E-14,Iris-setosa,0
6.594004160439238E-24,2.0649674652408717E-32,9.128968277355938E-15,1.0110710741284795E-14,Iris-setosa,0
8.30844524215344E-24,2.0649674652408717E-32,3.912414976009689E-14,1.2638388426605998E-13,Iris-virginica,1
9.36348590782372E-24,1.877243150218974E-32,3.8472080597428613E-14,1.0616246278349033E-13,Iris-virginica,1
8.572205408571015E-24,1.877243150218974E-32,3.782001143476032E-14,1.1121781815413271E-13,Iris-virginica,1
1.0022886323867642E-23,1.877243150218974E-32,4.303656473610656E-14,1.0616246278349033E-13,Iris-virginica,1
9.495365991032501E-24,2.2526917802627688E-32,3.9776218922765154E-14,1.2638388426605998E-13,Iris-virginica,1
8.967845658197357E-24,1.877243150218974E-32,3.586380394675546E-14,1.0616246278349033E-13,Iris-virginica,1
7.649044826109514E-24,1.7520936068710436E-32,3.3255527296082355E-14,1.2132852889541747E-13,Iris-virginica,1
8.440325325362224E-24,2.0023926935669068E-32,3.45596656214189E-14,1.1627317352477514E-13,Iris-virginica,1
1.0154766407076432E-23,2.3778413236107007E-32,4.3688633898774846E-14,1.1121781815413271E-13,Iris-virginica,1
1.0154766407076432E-23,1.6269440635231115E-32,4.499277222411142E-14,1.1627317352477514E-13,Iris-virginica,1
9.099725741406153E-24,2.0023926935669068E-32,3.716794227209205E-14,1.1627317352477514E-13,Iris-virginica,1
8.835965574988579E-24,2.0649674652408717E-32,3.716794227209205E-14,1.0616246278349033E-13,Iris-virginica,1
8.440325325362224E-24,1.7520936068710436E-32,3.651587310942375E-14,1.0616246278349033E-13,Iris-virginica,1
8.440325325362224E-24,1.7520936068710436E-32,3.651587310942375E-14,1.1121781815413271E-13,Iris-virginica,1
1.0154766407076432E-23,1.877243150218974E-32,3.9776218922765154E-14,1.1627317352477514E-13,Iris-virginica,1
8.30844524215344E-24,2.1275422369148372E-32,3.651587310942375E-14,1.2132852889541747E-13,Iris-virginica,1
9.099725741406153E-24,1.9398179218929393E-32,3.521173478408721E-14,1.0616246278349033E-13,Iris-virginica,1
8.835965574988579E-24,1.9398179218929393E-32,3.651587310942375E-14,1.2132852889541747E-13,Iris-virginica,1
9.099725741406153E-24,1.9398179218929393E-32,3.3255527296082355E-14,1.1627317352477514E-13,Iris-virginica,1
8.967845658197357E-24,2.0023926935669068E-32,3.8472080597428613E-14,1.1627317352477514E-13,Iris-virginica,1
8.835965574988579E-24,2.0649674652408717E-32,3.716794227209205E-14,1.2638388426605998E-13,Iris-virginica,1
8.835965574988579E-24,1.877243150218974E-32,3.390759645875066E-14,1.1627317352477514E-13,Iris-virginica,1
8.17656515894466E-24,2.1275422369148372E-32,3.521173478408721E-14,1.1627317352477514E-13,Iris-virginica,1
9.231605824614936E-24,2.0023926935669068E-32,3.064725064540923E-14,7.077497518899351E-14,Iris-versicolor,2
8.440325325362224E-24,2.0023926935669068E-32,2.9343112320072644E-14,7.583033055963593E-14,Iris-versicolor,2
9.099725741406153E-24,1.9398179218929393E-32,3.19513889707458E-14,7.583033055963593E-14,Iris-versicolor,2
7.253404576483162E-24,1.439219748501214E-32,2.6082766506731257E-14,6.571961981835115E-14,Iris-versicolor,2
8.572205408571015E-24,1.7520936068710436E-32,2.9995181482740946E-14,7.583033055963593E-14,Iris-versicolor,2
7.517164742900729E-24,1.7520936068710436E-32,2.9343112320072644E-14,6.571961981835115E-14,Iris-versicolor,2
8.30844524215344E-24,2.0649674652408717E-32,3.064725064540923E-14,8.088568593027836E-14,Iris-versicolor,2
6.4621240772304504E-24,1.5017945201751797E-32,2.151828236805328E-14,5.055355370642399E-14,Iris-versicolor,2
8.7040854917798E-24,1.814668378545009E-32,2.9995181482740946E-14,6.571961981835115E-14,Iris-versicolor,2
6.85776432685681E-24,1.6895188351970776E-32,2.5430697344062967E-14,7.077497518899351E-14,Iris-versicolor,2
6.594004160439238E-24,1.2514954334793165E-32,2.282242069338984E-14,5.055355370642399E-14,Iris-versicolor,2
7.780924909318303E-24,1.877243150218974E-32,2.738690483206781E-14,7.583033055963593E-14,Iris-versicolor,2
7.912804992527083E-24,1.376644976827249E-32,2.6082766506731257E-14,5.055355370642399E-14,Iris-versicolor,2
8.044685075735872E-24,1.814668378545009E-32,3.064725064540923E-14,7.077497518899351E-14,Iris-versicolor,2
7.385284659691948E-24,1.814668378545009E-32,2.347448985605813E-14,6.571961981835115E-14,Iris-versicolor,2
8.835965574988579E-24,1.9398179218929393E-32,2.869104315740438E-14,7.077497518899351E-14,Iris-versicolor,2
7.385284659691948E-24,1.877243150218974E-32,2.9343112320072644E-14,7.583033055963593E-14,Iris-versicolor,2
7.649044826109514E-24,1.6895188351970776E-32,2.673483566939953E-14,5.055355370642399E-14,Iris-versicolor,2
8.17656515894466E-24,1.376644976827249E-32,2.9343112320072644E-14,7.583033055963593E-14,Iris-versicolor,2
7.385284659691948E-24,1.564369291849146E-32,2.5430697344062967E-14,5.5608909077066356E-14,Iris-versicolor,2
7.780924909318303E-24,2.0023926935669068E-32,3.1299319808077506E-14,9.099639667156318E-14,Iris-versicolor,2
8.044685075735872E-24,1.7520936068710436E-32,2.6082766506731257E-14,6.571961981835115E-14,Iris-versicolor,2
8.30844524215344E-24,1.564369291849146E-32,3.19513889707458E-14,7.583033055963593E-14,Iris-versicolor,2
8.044685075735872E-24,1.7520936068710436E-32,3.064725064540923E-14,6.066426444770874E-14,Iris-versicolor,2
8.440325325362224E-24,1.814668378545009E-32,2.80389739947361E-14,6.571961981835115E-14,Iris-versicolor,2
8.7040854917798E-24,1.877243150218974E-32,2.869104315740438E-14,7.077497518899351E-14,Iris-versicolor,2
8.967845658197357E-24,1.7520936068710436E-32,3.1299319808077506E-14,7.077497518899351E-14,Iris-versicolor,2
8.835965574988579E-24,1.877243150218974E-32,3.260345813341409E-14,8.594104130092074E-14,Iris-versicolor,2
7.912804992527083E-24,1.814668378545009E-32,2.9343112320072644E-14,7.583033055963593E-14,Iris-versicolor,2
7.517164742900729E-24,1.6269440635231115E-32,2.282242069338984E-14,5.055355370642399E-14,Iris-versicolor,2
7.253404576483162E-24,1.5017945201751797E-32,2.4778628181394688E-14,5.5608909077066356E-14,Iris-versicolor,2
7.253404576483162E-24,1.5017945201751797E-32,2.4126559018726404E-14,5.055355370642399E-14,Iris-versicolor,2
7.649044826109514E-24,1.6895188351970776E-32,2.5430697344062967E-14,6.066426444770874E-14,Iris-versicolor,2
7.912804992527083E-24,1.6895188351970776E-32,3.3255527296082355E-14,8.088568593027836E-14,Iris-versicolor,2
7.12152449327438E-24,1.877243150218974E-32,2.9343112320072644E-14,7.583033055963593E-14,Iris-versicolor,2
7.912804992527083E-24,2.1275422369148372E-32,2.9343112320072644E-14,8.088568593027836E-14,Iris-versicolor,2
8.835965574988579E-24,1.9398179218929393E-32,3.064725064540923E-14,7.583033055963593E-14,Iris-versicolor,2
8.30844524215344E-24,1.439219748501214E-32,2.869104315740438E-14,6.571961981835115E-14,Iris-versicolor,2
7.385284659691948E-24,1.877243150218974E-32,2.673483566939953E-14,6.571961981835115E-14,Iris-versicolor,2
7.253404576483162E-24,1.564369291849146E-32,2.6082766506731257E-14,6.571961981835115E-14,Iris-versicolor,2
7.253404576483162E-24,1.6269440635231115E-32,2.869104315740438E-14,6.066426444770874E-14,Iris-versicolor,2
8.044685075735872E-24,1.877243150218974E-32,2.9995181482740946E-14,7.077497518899351E-14,Iris-versicolor,2
7.649044826109514E-24,1.6269440635231115E-32,2.6082766506731257E-14,6.066426444770874E-14,Iris-versicolor,2
6.594004160439238E-24,1.439219748501214E-32,2.151828236805328E-14,5.055355370642399E-14,Iris-versicolor,2
7.385284659691948E-24,1.6895188351970776E-32,2.738690483206781E-14,6.571961981835115E-14,Iris-versicolor,2
7.517164742900729E-24,1.877243150218974E-32,2.738690483206781E-14,6.066426444770874E-14,Iris-versicolor,2
7.517164742900729E-24,1.814668378545009E-32,2.738690483206781E-14,6.571961981835115E-14,Iris-versicolor,2
8.17656515894466E-24,1.814668378545009E-32,2.80389739947361E-14,6.571961981835115E-14,Iris-versicolor,2
6.725884243648022E-24,1.564369291849146E-32,1.9562074880048445E-14,5.5608909077066356E-14,Iris-versicolor,2
7.517164742900729E-24,1.7520936068710436E-32,2.673483566939953E-14,6.571961981835115E-14,Iris-versicolor,2
7.649044826109514E-24,1.6895188351970776E-32,3.3255527296082355E-14,9.605175204220551E-14,Iris-virginica,2
8.30844524215344E-24,1.814668378545009E-32,3.651587310942375E-14,9.099639667156318E-14,Iris-virginica,2
6.4621240772304504E-24,1.564369291849146E-32,2.9343112320072644E-14,8.594104130092074E-14,Iris-virginica,2
9.627246074241284E-24,1.814668378545009E-32,4.108035724810173E-14,9.099639667156318E-14,Iris-virginica,2
8.835965574988579E-24,1.564369291849146E-32,3.782001143476032E-14,9.099639667156318E-14,Iris-virginica,2
8.572205408571015E-24,2.0023926935669068E-32,3.3255527296082355E-14,1.0110710741284798E-13,Iris-virginica,2
8.440325325362224E-24,1.6895188351970776E-32,3.45596656214189E-14,9.605175204220551E-14,Iris-virginica,2
7.517164742900729E-24,1.564369291849146E-32,3.260345813341409E-14,1.0110710741284798E-13,Iris-virginica,2
8.572205408571015E-24,1.877243150218974E-32,3.586380394675546E-14,9.099639667156318E-14,Iris-virginica,2
7.912804992527083E-24,1.376644976827249E-32,3.260345813341409E-14,7.583033055963593E-14,Iris-virginica,2
7.385284659691948E-24,1.7520936068710436E-32,3.19513889707458E-14,1.0110710741284798E-13,Iris-virginica,2
1.0154766407076432E-23,1.7520936068710436E-32,4.3688633898774846E-14,1.0110710741284798E-13,Iris-virginica,2
8.30844524215344E-24,1.6895188351970776E-32,3.19513889707458E-14,9.099639667156318E-14,Iris-virginica,2
9.495365991032501E-24,2.0023926935669068E-32,3.912414976009689E-14,9.099639667156318E-14,Iris-virginica,2
8.17656515894466E-24,1.7520936068710436E-32,3.1299319808077506E-14,9.099639667156318E-14,Iris-virginica,2
8.044685075735872E-24,1.877243150218974E-32,3.19513889707458E-14,9.099639667156318E-14,Iris-virginica,2
9.495365991032501E-24,1.877243150218974E-32,3.782001143476032E-14,8.088568593027836E-14,Iris-virginica,2
9.759126157450076E-24,1.7520936068710436E-32,3.9776218922765154E-14,9.605175204220551E-14,Iris-virginica,2
1.0418526573493998E-23,2.3778413236107007E-32,4.173242641076998E-14,1.0110710741284798E-13,Iris-virginica,2
8.30844524215344E-24,1.7520936068710436E-32,3.3255527296082355E-14,7.583033055963593E-14,Iris-virginica,2
8.044685075735872E-24,1.6269440635231115E-32,3.651587310942375E-14,7.077497518899351E-14,Iris-virginica,2
8.440325325362224E-24,1.9398179218929393E-32,3.586380394675546E-14,9.099639667156318E-14,Iris-virginica,2
7.912804992527083E-24,1.877243150218974E-32,3.1299319808077506E-14,9.099639667156318E-14,Iris-virginica,2
7.649044826109514E-24,1.6895188351970776E-32,3.3255527296082355E-14,9.605175204220551E-14,Iris-virginica,2
8.30844524215344E-24,1.564369291849146E-32,3.260345813341409E-14,9.605175204220551E-14,Iris-virginica,2
8.572205408571015E-24,1.877243150218974E-32,3.390759645875066E-14,1.0110710741284798E-13,Iris-virginica,2
7.780924909318303E-24,1.877243150218974E-32,3.3255527296082355E-14,9.099639667156318E-14,Iris-virginica,2
