3.233191850714458E-32,3.240745794363609E-44,3.286106319523713E-19,5.879344004919875E-19,Iris-setosa,0
3.106400013431536E-32,2.777782109454521E-44,3.286106319523713E-19,5.879344004919875E-19,Iris-setosa,0
2.979608176148618E-32,2.9629675834181586E-44,3.0513844395577363E-19,5.879344004919875E-19,Iris-setosa,0
2.9162122575071585E-32,2.8703748464363387E-44,3.520828199489693E-19,5.879344004919875E-19,Iris-setosa,0
3.169795932072998E-32,3.333338531345426E-44,3.286106319523713E-19,5.879344004919875E-19,Iris-setosa,0
3.42337960663884E-32,3.6111167422908827E-44,3.990271959421651E-19,1.175868800983975E-18,Iris-setosa,0
2.9162122575071585E-32,3.1481530573817915E-44,3.286106319523713E-19,8.819016007379809E-19,Iris-setosa,0
3.169795932072998E-32,3.1481530573817915E-44,3.520828199489693E-19,5.879344004919875E-19,Iris-setosa,0
2.789420420224239E-32,2.685189372472706E-44,3.286106319523713E-19,5.879344004919875E-19,Iris-setosa,0
3.106400013431536E-32,2.8703748464363387E-44,3.520828199489693E-19,2.9396720024599376E-19,Iris-setosa,0
3.42337960663884E-32,3.4259312683272453E-44,3.520828199489693E-19,5.879344004919875E-19,Iris-setosa,0
3.04300409479008E-32,3.1481530573817915E-44,3.7555500794556685E-19,5.879344004919875E-19,Iris-setosa,0
3.04300409479008E-32,2.777782109454521E-44,3.286106319523713E-19,2.9396720024599376E-19,Iris-setosa,0
2.726024501582778E-32,2.777782109454521E-44,2.5819406796257746E-19,2.9396720024599376E-19,Iris-setosa,0
3.676963281204677E-32,3.7037094792726966E-44,2.8166625595917543E-19,5.879344004919875E-19,Iris-setosa,0
3.6135673625632177E-32,4.07408042719997E-44,3.520828199489693E-19,1.175868800983975E-18,Iris-setosa,0
3.42337960663884E-32,3.6111167422908827E-44,3.0513844395577363E-19,1.175868800983975E-18,Iris-setosa,0
3.233191850714458E-32,3.240745794363609E-44,3.286106319523713E-19,8.819016007379809E-19,Iris-setosa,0
3.6135673625632177E-32,3.518524005309062E-44,3.990271959421651E-19,8.819016007379809E-19,Iris-setosa,0
3.233191850714458E-32,3.518524005309062E-44,3.520828199489693E-19,8.819016007379809E-19,Iris-setosa,0
3.42337960663884E-32,3.1481530573817915E-44,3.990271959421651E-19,5.879344004919875E-19,Iris-setosa,0
3.233191850714458E-32,3.4259312683272453E-44,3.520828199489693E-19,1.175868800983975E-18,Iris-setosa,0
2.9162122575071585E-32,3.333338531345426E-44,2.347218799659796E-19,5.879344004919875E-19,Iris-setosa,0
3.233191850714458E-32,3.0555603203999735E-44,3.990271959421651E-19,1.4698360012299692E-18,Iris-setosa,0
3.04300409479008E-32,3.1481530573817915E-44,4.459715719353607E-19,5.879344004919875E-19,Iris-setosa,0
3.169795932072998E-32,2.777782109454521E-44,3.7555500794556685E-19,5.879344004919875E-19,Iris-setosa,0
3.169795932072998E-32,3.1481530573817915E-44,3.7555500794556685E-19,1.175868800983975E-18,Iris-setosa,0
3.2965877693559186E-32,3.240745794363609E-44,3.520828199489693E-19,5.879344004919875E-19,Iris-setosa,0
3.2965877693559186E-32,3.1481530573817915E-44,3.286106319523713E-19,5.879344004919875E-19,Iris-setosa,0
2.979608176148618E-32,2.9629675834181586E-44,3.7555500794556685E-19,5.879344004919875E-19,Iris-setosa,0
3.04300409479008E-32,2.8703748464363387E-44,3.7555500794556685E-19,5.879344004919875E-19,Iris-setosa,0
3.42337960663884E-32,3.1481530573817915E-44,3.520828199489693E-19,1.175868800983975E-18,Iris-setosa,0
3.2965877693559186E-32,3.7963022162545156E-44,3.520828199489693E-19,2.9396720024599376E-19,Iris-setosa,0
3.4867755252802984E-32,3.8888949532363335E-44,3.286106319523713E-19,5.879344004919875E-19,Iris-setosa,0
3.106400013431536E-32,2.8703748464363387E-44,3.520828199489693E-19,2.9396720024599376E-19,Iris-setosa,0
3.169795932072998E-32,2.9629675834181586E-44,2.8166625595917543E-19,5.879344004919875E-19,Iris-setosa,0
3.4867755252802984E-32,3.240745794363609E-44,3.0513844395577363E-19,5.879344004919875E-19,Iris-setosa,0
3.106400013431536E-32,2.8703748464363387E-44,3.520828199489693E-19,2.9396720024599376E-19,Iris-setosa,0
2.789420420224239E-32,2.777782109454521E-44,3.0513844395577363E-19,5.879344004919875E-19,Iris-setosa,0
3.233191850714458E-32,3.1481530573817915E-44,3.520828199489693E-19,5.879344004919875E-19,Iris-setosa,0
3.169795932072998E-32,3.240745794363609E-44,3.0513844395577363E-19,8.819016007379809E-19,Iris-setosa,0
2.8528163388656975E-32,2.129632950581801E-44,3.0513844395577363E-19,8.819016007379809E-19,Iris-setosa,0
2.789420420224239E-32,2.9629675834181586E-44,3.0513844395577363E-19,5.879344004919875E-19,Iris-setosa,0
3.169795932072998E-32,3.240745794363609E-44,3.7555500794556685E-19,1.7638032014759618E-18,Iris-setosa,0
3.233191850714458E-32,3.518524005309062E-44,4.459715719353607E-19,1.175868800983975E-18,Iris-setosa,0
3.04300409479008E-32,2.777782109454521E-44,3.286106319523713E-19,8.819016007379809E-19,Iris-setosa,0
3.233191850714458E-32,3.518524005309062E-44,3.7555500794556685E-19,5.879344004919875E-19,Iris-setosa,0
2.9162122575071585E-32,2.9629675834181586E-44,3.286106319523713E-19,5.879344004919875E-19,Iris-setosa,0
3.359983687997379E-32,3.4259312683272453E-44,3.520828199489693E-19,5.879344004919875E-19,Iris-setosa,0
3.169795932072998E-32,3.0555603203999735E-44,3.286106319523713E-19,5.879344004919875E-19,Iris-setosa,0
3.9939428744119795E-32,3.0555603203999735E-44,1.4083312797958773E-18,7.349180006149849E-18,Iris-virginica,1
4.501110223543657E-32,2.777782109454521E-44,1.3848590917992796E-18,6.173311205165869E-18,Iris-virginica,1
4.120734711694901E-32,2.777782109454521E-44,1.3613869038026804E-18,6.46727840541186E-18,Iris-virginica,1
4.818089816750958E-32,2.777782109454521E-44,1.549164407775464E-18,6.173311205165869E-18,Iris-virginica,1
4.564506142185116E-32,3.333338531345426E-44,1.4318034677924746E-18,7.349180006149849E-18,Iris-virginica,1
4.310922467619275E-32,2.777782109454521E-44,1.2909703398128864E-18,6.173311205165869E-18,Iris-virginica,1
3.676963281204677E-32,2.592596635490889E-44,1.1970815878264957E-18,7.055212805903847E-18,Iris-virginica,1
4.057338793053437E-32,2.9629675834181586E-44,1.2440259638196909E-18,6.761245605657855E-18,Iris-virginica,1
4.8814857353924207E-32,3.518524005309062E-44,1.5726365957720627E-18,6.46727840541186E-18,Iris-virginica,1
4.8814857353924207E-32,2.407411161527253E-44,1.6195809717652583E-18,6.761245605657855E-18,Iris-virginica,1
4.3743183862607396E-32,2.9629675834181586E-44,1.3379147158060837E-18,6.761245605657855E-18,Iris-virginica,1
4.247526548977818E-32,3.0555603203999735E-44,1.3379147158060837E-18,6.173311205165869E-18,Iris-virginica,1
4.057338793053437E-32,2.592596635490889E-44,1.3144425278094852E-18,6.173311205165869E-18,Iris-virginica,1
4.057338793053437E-32,2.592596635490889E-44,1.3144425278094852E-18,6.46727840541186E-18,Iris-virginica,1
4.8814857353924207E-32,2.777782109454521E-44,1.4318034677924746E-18,6.761245605657855E-18,Iris-virginica,1
3.9939428744119795E-32,3.1481530573817915E-44,1.3144425278094852E-18,7.055212805903847E-18,Iris-virginica,1
4.3743183862607396E-32,2.8703748464363387E-44,1.2674981518162899E-18,6.173311205165869E-18,Iris-virginica,1
4.247526548977818E-32,2.8703748464363387E-44,1.3144425278094852E-18,7.055212805903847E-18,Iris-virginica,1
4.3743183862607396E-32,2.8703748464363387E-44,1.1970815878264957E-18,6.761245605657855E-18,Iris-virginica,1
4.310922467619275E-32,2.9629675834181586E-44,1.3848590917992796E-18,6.761245605657855E-18,Iris-virginica,1
4.247526548977818E-32,3.0555603203999735E-44,1.3379147158060837E-18,7.349180006149849E-18,Iris-virginica,1
4.247526548977818E-32,2.777782109454521E-44,1.2205537758230945E-18,6.761245605657855E-18,Iris-virginica,1
3.930546955770519E-32,3.1481530573817915E-44,1.2674981518162899E-18,6.761245605657855E-18,Iris-virginica,1
4.437714304902198E-32,2.9629675834181586E-44,1.1031928358401037E-18,4.11554080344391E-18,Iris-versicolor,2
4.057338793053437E-32,2.9629675834181586E-44,1.0562484598469071E-18,4.409508003689905E-18,Iris-versicolor,2
4.3743183862607396E-32,2.8703748464363387E-44,1.1501372118333E-18,4.409508003689905E-18,Iris-versicolor,2
3.4867755252802984E-32,2.129632950581801E-44,9.388875198639184E-19,3.821573603197917E-18,Iris-versicolor,2
4.120734711694901E-32,2.592596635490889E-44,1.0797206478435058E-18,4.409508003689905E-18,Iris-versicolor,2
3.6135673625632177E-32,2.592596635490889E-44,1.0562484598469071E-18,3.821573603197917E-18,Iris-versicolor,2
3.9939428744119795E-32,3.0555603203999735E-44,1.1031928358401037E-18,4.7034752039359E-18,Iris-versicolor,2
3.106400013431536E-32,2.222225687563618E-44,7.74582203887732E-19,2.9396720024599384E-18,Iris-versicolor,2
4.1841306303363604E-32,2.685189372472706E-44,1.0797206478435058E-18,3.821573603197917E-18,Iris-versicolor,2
3.2965877693559186E-32,2.5000038985090714E-44,9.154153318673197E-19,4.11554080344391E-18,Iris-versicolor,2
3.169795932072998E-32,1.8518547396363483E-44,8.21526579880928E-19,2.9396720024599384E-18,Iris-versicolor,2
3.740359199846139E-32,2.777782109454521E-44,9.858318958571135E-19,4.409508003689905E-18,Iris-versicolor,2
3.803755118487596E-32,2.037040213599985E-44,9.388875198639184E-19,2.9396720024599384E-18,Iris-versicolor,2
3.8671510371290585E-32,2.685189372472706E-44,1.1031928358401037E-18,4.11554080344391E-18,Iris-versicolor,2
3.5501714439217583E-32,2.685189372472706E-44,8.449987678775265E-19,3.821573603197917E-18,Iris-versicolor,2
4.247526548977818E-32,2.8703748464363387E-44,1.0327762718503099E-18,4.11554080344391E-18,Iris-versicolor,2
3.5501714439217583E-32,2.777782109454521E-44,1.0562484598469071E-18,4.409508003689905E-18,Iris-versicolor,2
3.676963281204677E-32,2.5000038985090714E-44,9.623597078605159E-19,2.9396720024599384E-18,Iris-versicolor,2
3.930546955770519E-32,2.037040213599985E-44,1.0562484598469071E-18,4.409508003689905E-18,Iris-versicolor,2
3.5501714439217583E-32,2.3148184245454355E-44,9.154153318673197E-19,3.23363920270593E-18,Iris-versicolor,2
3.740359199846139E-32,2.9629675834181586E-44,1.1266650238367017E-18,5.291409604427889E-18,Iris-versicolor,2
3.8671510371290585E-32,2.592596635490889E-44,9.388875198639184E-19,3.821573603197917E-18,Iris-versicolor,2
3.9939428744119795E-32,2.3148184245454355E-44,1.1501372118333E-18,4.409508003689905E-18,Iris-versicolor,2
3.8671510371290585E-32,2.592596635490889E-44,1.1031928358401037E-18,3.5276064029519236E-18,Iris-versicolor,2
4.057338793053437E-32,2.685189372472706E-44,1.0093040838537118E-18,3.821573603197917E-18,Iris-versicolor,2
4.1841306303363604E-32,2.777782109454521E-44,1.0327762718503099E-18,4.11554080344391E-18,Iris-versicolor,2
4.310922467619275E-32,2.592596635490889E-44,1.1266650238367017E-18,4.11554080344391E-18,Iris-versicolor,2
4.247526548977818E-32,2.777782109454521E-44,1.1736093998298982E-18,4.997442404181895E-18,Iris-versicolor,2
3.803755118487596E-32,2.685189372472706E-44,1.0562484598469071E-18,4.409508003689905E-18,Iris-versicolor,2
3.6135673625632177E-32,2.407411161527253E-44,8.21526579880928E-19,2.9396720024599384E-18,Iris-versicolor,2
3.4867755252802984E-32,2.222225687563618E-44,8.919431438707215E-19,3.23363920270593E-18,Iris-versicolor,2
3.4867755252802984E-32,2.222225687563618E-44,8.684709558741238E-19,2.9396720024599384E-18,Iris-versicolor,2
3.676963281204677E-32,2.5000038985090714E-44,9.154153318673197E-19,3.5276064029519236E-18,Iris-versicolor,2
3.803755118487596E-32,2.5000038985090714E-44,1.1970815878264957E-18,4.7034752039359E-18,Iris-versicolor,2
3.42337960663884E-32,2.777782109454521E-44,1.0562484598469071E-18,4.409508003689905E-18,Iris-versicolor,2
3.803755118487596E-32,3.1481530573817915E-44,1.0562484598469071E-18,4.7034752039359E-18,Iris-versicolor,2
4.247526548977818E-32,2.8703748464363387E-44,1.1031928358401037E-18,4.409508003689905E-18,Iris-versicolor,2
3.9939428744119795E-32,2.129632950581801E-44,1.0327762718503099E-18,3.821573603197917E-18,Iris-versicolor,2
3.5501714439217583E-32,2.777782109454521E-44,9.623597078605159E-19,3.821573603197917E-18,Iris-versicolor,2
3.4867755252802984E-32,2.3148184245454355E-44,9.388875198639184E-19,3.821573603197917E-18,Iris-versicolor,2
3.4867755252802984E-32,2.407411161527253E-44,1.0327762718503099E-18,3.5276064029519236E-18,Iris-versicolor,2
3.8671510371290585E-32,2.777782109454521E-44,1.0797206478435058E-18,4.11554080344391E-18,Iris-versicolor,2
3.676963281204677E-32,2.407411161527253E-44,9.388875198639184E-19,3.5276064029519236E-18,Iris-versicolor,2
3.169795932072998E-32,2.129632950581801E-44,7.74582203887732E-19,2.9396720024599384E-18,Iris-versicolor,2
3.5501714439217583E-32,2.5000038985090714E-44,9.858318958571135E-19,3.821573603197917E-18,Iris-versicolor,2
3.6135673625632177E-32,2.777782109454521E-44,9.858318958571135E-19,3.5276064029519236E-18,Iris-versicolor,2
3.6135673625632177E-32,2.685189372472706E-44,9.858318958571135E-19,3.821573603197917E-18,Iris-versicolor,2
3.930546955770519E-32,2.685189372472706E-44,1.0093040838537118E-18,3.821573603197917E-18,Iris-versicolor,2
3.233191850714458E-32,2.3148184245454355E-44,7.041656398979386E-19,3.23363920270593E-18,Iris-versicolor,2
3.6135673625632177E-32,2.592596635490889E-44,9.623597078605159E-19,3.821573603197917E-18,Iris-versicolor,2
3.676963281204677E-32,2.5000038985090714E-44,1.1970815878264957E-18,5.585376804673878E-18,Iris-virginica,2
3.9939428744119795E-32,2.685189372472706E-44,1.3144425278094852E-18,5.291409604427889E-18,Iris-virginica,2
3.106400013431536E-32,2.3148184245454355E-44,1.0562484598469071E-18,4.997442404181895E-18,Iris-virginica,2
4.627902060826575E-32,2.685189372472706E-44,1.478747843785671E-18,5.291409604427889E-18,Iris-virginica,2
4.247526548977818E-32,2.3148184245454355E-44,1.3613869038026804E-18,5.291409604427889E-18,Iris-virginica,2
4.120734711694901E-32,2.9629675834181586E-44,1.1970815878264957E-18,5.879344004919877E-18,Iris-virginica,2
4.057338793053437E-32,2.5000038985090714E-44,1.2440259638196909E-18,5.585376804673878E-18,Iris-virginica,2
3.6135673625632177E-32,2.3148184245454355E-44,1.1736093998298982E-18,5.879344004919877E-18,Iris-virginica,2
4.120734711694901E-32,2.777782109454521E-44,1.2909703398128864E-18,5.291409604427889E-18,Iris-virginica,2
3.803755118487596E-32,2.037040213599985E-44,1.1736093998298982E-18,4.409508003689905E-18,Iris-virginica,2
3.5501714439217583E-32,2.592596635490889E-44,1.1501372118333E-18,5.879344004919877E-18,Iris-virginica,2
4.8814857353924207E-32,2.592596635490889E-44,1.5726365957720627E-18,5.879344004919877E-18,Iris-virginica,2
3.9939428744119795E-32,2.5000038985090714E-44,1.1501372118333E-18,5.291409604427889E-18,Iris-virginica,2
4.564506142185116E-32,2.9629675834181586E-44,1.4083312797958773E-18,5.291409604427889E-18,Iris-virginica,2
3.930546955770519E-32,2.592596635490889E-44,1.1266650238367017E-18,5.291409604427889E-18,Iris-virginica,2
3.8671510371290585E-32,2.777782109454521E-44,1.1501372118333E-18,5.291409604427889E-18,Iris-virginica,2
4.564506142185116E-32,2.777782109454521E-44,1.3613869038026804E-18,4.7034752039359E-18,Iris-virginica,2
4.691297979468039E-32,2.592596635490889E-44,1.4318034677924746E-18,5.585376804673878E-18,Iris-virginica,2
5.008277572675338E-32,3.518524005309062E-44,1.5022200317822674E-18,5.879344004919877E-18,Iris-virginica,2
3.9939428744119795E-32,2.592596635490889E-44,1.1970815878264957E-18,4.409508003689905E-18,Iris-virginica,2
3.8671510371290585E-32,2.407411161527253E-44,1.3144425278094852E-18,4.11554080344391E-18,Iris-virginica,2
4.057338793053437E-32,2.8703748464363387E-44,1.2909703398128864E-18,5.291409604427889E-18,Iris-virginica,2
3.803755118487596E-32,2.777782109454521E-44,1.1266650238367017E-18,5.291409604427889E-18,Iris-virginica,2
3.676963281204677E-32,2.5000038985090714E-44,1.1970815878264957E-18,5.585376804673878E-18,Iris-virginica,2
3.9939428744119795E-32,2.3148184245454355E-44,1.1736093998298982E-18,5.585376804673878E-18,Iris-virginica,2
4.120734711694901E-32,2.777782109454521E-44,1.2205537758230945E-18,5.879344004919877E-18,Iris-virginica,2
3.740359199846139E-32,2.777782109454521E-44,1.1970815878264957E-18,5.291409604427889E-18,Iris-virginica,2
