3.129810341187156E-14,4.377672740740183E-19,2.7219383181501208E-9,1.5989684268487113E-9,Iris-setosa,0
3.007072680748443E-14,3.7522909206344416E-19,2.7219383181501208E-9,1.5989684268487113E-9,Iris-setosa,0
2.8843350203097317E-14,4.002443648676739E-19,2.527514152567971E-9,1.5989684268487113E-9,Iris-setosa,0
2.822966190090376E-14,3.877367284655589E-19,2.916362483732273E-9,1.5989684268487113E-9,Iris-setosa,0
3.0684415109678E-14,4.502749104761331E-19,2.7219383181501208E-9,1.5989684268487113E-9,Iris-setosa,0
3.313916831845226E-14,4.877978196824776E-19,3.305210814896575E-9,3.1979368536974225E-9,Iris-setosa,0
2.822966190090376E-14,4.2525963767190334E-19,2.7219383181501208E-9,2.398452640273065E-9,Iris-setosa,0
3.0684415109678E-14,4.2525963767190334E-19,2.916362483732273E-9,1.5989684268487113E-9,Iris-setosa,0
2.7002285296516643E-14,3.627214556613294E-19,2.7219383181501208E-9,1.5989684268487113E-9,Iris-setosa,0
3.007072680748443E-14,3.877367284655589E-19,2.916362483732273E-9,7.994842134243556E-10,Iris-setosa,0
3.313916831845226E-14,4.627825468782479E-19,2.916362483732273E-9,1.5989684268487113E-9,Iris-setosa,0
2.94570385052909E-14,4.2525963767190334E-19,3.1107866493144227E-9,1.5989684268487113E-9,Iris-setosa,0
2.94570385052909E-14,3.7522909206344416E-19,2.7219383181501208E-9,7.994842134243556E-10,Iris-setosa,0
2.6388596994323087E-14,3.7522909206344416E-19,2.1386658214036668E-9,7.994842134243556E-10,Iris-setosa,0
3.559392152722648E-14,5.0030545608459225E-19,2.333089986985818E-9,1.5989684268487113E-9,Iris-setosa,0
3.498023322503291E-14,5.503360016930518E-19,2.916362483732273E-9,3.1979368536974225E-9,Iris-setosa,0
3.313916831845226E-14,4.877978196824776E-19,2.527514152567971E-9,3.1979368536974225E-9,Iris-setosa,0
3.129810341187156E-14,4.377672740740183E-19,2.7219383181501208E-9,2.398452640273065E-9,Iris-setosa,0
3.498023322503291E-14,4.752901832803626E-19,3.305210814896575E-9,2.398452640273065E-9,Iris-setosa,0
3.129810341187156E-14,4.752901832803626E-19,2.916362483732273E-9,2.398452640273065E-9,Iris-setosa,0
3.313916831845226E-14,4.2525963767190334E-19,3.305210814896575E-9,1.5989684268487113E-9,Iris-setosa,0
3.129810341187156E-14,4.627825468782479E-19,2.916362483732273E-9,3.1979368536974225E-9,Iris-setosa,0
2.822966190090376E-14,4.502749104761331E-19,1.944241655821515E-9,1.5989684268487113E-9,Iris-setosa,0
3.129810341187156E-14,4.1275200126978855E-19,3.305210814896575E-9,3.997421067121778E-9,Iris-setosa,0
2.94570385052909E-14,4.2525963767190334E-19,3.694059146060878E-9,1.5989684268487113E-9,Iris-setosa,0
3.0684415109678E-14,3.7522909206344416E-19,3.1107866493144227E-9,1.5989684268487113E-9,Iris-setosa,0
3.0684415109678E-14,4.2525963767190334E-19,3.1107866493144227E-9,3.1979368536974225E-9,Iris-setosa,0
3.1911791714065133E-14,4.377672740740183E-19,2.916362483732273E-9,1.5989684268487113E-9,Iris-setosa,0
3.1911791714065133E-14,4.2525963767190334E-19,2.7219383181501208E-9,1.5989684268487113E-9,Iris-setosa,0
2.8843350203097317E-14,4.002443648676739E-19,3.1107866493144227E-9,1.5989684268487113E-9,Iris-setosa,0
2.94570385052909E-14,3.877367284655589E-19,3.1107866493144227E-9,1.5989684268487113E-9,Iris-setosa,0
3.313916831845226E-14,4.2525963767190334E-19,2.916362483732273E-9,3.1979368536974225E-9,Iris-setosa,0
3.1911791714065133E-14,5.128130924867073E-19,2.916362483732273E-9,7.994842134243556E-10,Iris-setosa,0
3.37528566206458E-14,5.253207288888221E-19,2.7219383181501208E-9,1.5989684268487113E-9,Iris-setosa,0
3.007072680748443E-14,3.877367284655589E-19,2.916362483732273E-9,7.994842134243556E-10,Iris-setosa,0
3.0684415109678E-14,4.002443648676739E-19,2.333089986985818E-9,1.5989684268487113E-9,Iris-setosa,0
3.37528566206458E-14,4.377672740740183E-19,2.527514152567971E-9,1.5989684268487113E-9,Iris-setosa,0
3.007072680748443E-14,3.877367284655589E-19,2.916362483732273E-9,7.994842134243556E-10,Iris-setosa,0
2.7002285296516643E-14,3.7522909206344416E-19,2.527514152567971E-9,1.5989684268487113E-9,Iris-setosa,0
3.129810341187156E-14,4.2525963767190334E-19,2.916362483732273E-9,1.5989684268487113E-9,Iris-setosa,0
3.0684415109678E-14,4.377672740740183E-19,2.527514152567971E-9,2.398452640273065E-9,Iris-setosa,0
2.7615973598710205E-14,2.8767563724864056E-19,2.527514152567971E-9,2.398452640273065E-9,Iris-setosa,0
2.7002285296516643E-14,4.002443648676739E-19,2.527514152567971E-9,1.5989684268487113E-9,Iris-setosa,0
3.0684415109678E-14,4.377672740740183E-19,3.1107866493144227E-9,4.79690528054613E-9,Iris-setosa,0
3.129810341187156E-14,4.752901832803626E-19,3.694059146060878E-9,3.1979368536974225E-9,Iris-setosa,0
2.94570385052909E-14,3.7522909206344416E-19,2.7219383181501208E-9,2.398452640273065E-9,Iris-setosa,0
3.129810341187156E-14,4.752901832803626E-19,3.1107866493144227E-9,1.5989684268487113E-9,Iris-setosa,0
2.822966190090376E-14,4.002443648676739E-19,2.7219383181501208E-9,1.5989684268487113E-9,Iris-setosa,0
3.252548001625868E-14,4.627825468782479E-19,2.916362483732273E-9,1.5989684268487113E-9,Iris-setosa,0
3.0684415109678E-14,4.1275200126978855E-19,2.7219383181501208E-9,1.5989684268487113E-9,Iris-setosa,0
3.8662363038194285E-14,4.1275200126978855E-19,1.1665449934929093E-8,1.9987105335608892E-8,Iris-virginica,1
4.3571869455742775E-14,3.7522909206344416E-19,1.1471025769346939E-8,1.6789168481911464E-8,Iris-virginica,1
3.988973964258141E-14,3.7522909206344416E-19,1.1276601603764786E-8,1.758865269533582E-8,Iris-virginica,1
4.6640310966710554E-14,3.7522909206344416E-19,1.2831994928421997E-8,1.6789168481911464E-8,Iris-virginica,1
4.418555775793632E-14,4.502749104761331E-19,1.1859874100511239E-8,1.9987105335608892E-8,Iris-virginica,1
4.1730804549162064E-14,3.7522909206344416E-19,1.069332910701833E-8,1.6789168481911464E-8,Iris-virginica,1
3.559392152722648E-14,3.502138192592146E-19,9.915632444689724E-9,1.918762112218452E-8,Iris-virginica,1
3.927605134038785E-14,4.002443648676739E-19,1.0304480775854027E-8,1.8388136908760175E-8,Iris-virginica,1
4.725399926890415E-14,4.752901832803626E-19,1.3026419094004146E-8,1.758865269533582E-8,Iris-virginica,1
4.725399926890415E-14,3.2519854645498503E-19,1.3415267425168456E-8,1.8388136908760175E-8,Iris-virginica,1
4.234449285135566E-14,4.002443648676739E-19,1.1082177438182635E-8,1.8388136908760175E-8,Iris-virginica,1
4.725399926890415E-14,3.502138192592146E-19,1.3026419094004146E-8,1.5989684268487112E-8,Iris-virginica,1
4.1117116246968527E-14,4.1275200126978855E-19,1.1082177438182635E-8,1.6789168481911464E-8,Iris-virginica,1
3.927605134038785E-14,3.502138192592146E-19,1.0887753272600483E-8,1.6789168481911464E-8,Iris-virginica,1
4.848137587329124E-14,4.752901832803626E-19,1.2443146597257691E-8,1.5989684268487112E-8,Iris-virginica,1
3.927605134038785E-14,3.502138192592146E-19,1.0887753272600483E-8,1.758865269533582E-8,Iris-virginica,1
4.725399926890415E-14,3.7522909206344416E-19,1.1859874100511239E-8,1.8388136908760175E-8,Iris-virginica,1
3.8662363038194285E-14,4.2525963767190334E-19,1.0887753272600483E-8,1.918762112218452E-8,Iris-virginica,1
4.234449285135566E-14,3.877367284655589E-19,1.0498904941436183E-8,1.6789168481911464E-8,Iris-virginica,1
4.1117116246968527E-14,3.877367284655589E-19,1.0887753272600483E-8,1.918762112218452E-8,Iris-virginica,1
4.234449285135566E-14,3.877367284655589E-19,9.915632444689724E-9,1.8388136908760175E-8,Iris-virginica,1
4.1730804549162064E-14,4.002443648676739E-19,1.1471025769346939E-8,1.8388136908760175E-8,Iris-virginica,1
4.1117116246968527E-14,4.1275200126978855E-19,1.1082177438182635E-8,1.9987105335608892E-8,Iris-virginica,1
4.1117116246968527E-14,3.7522909206344416E-19,1.0110056610271883E-8,1.8388136908760175E-8,Iris-virginica,1
3.804867473600073E-14,4.2525963767190334E-19,1.0498904941436183E-8,1.8388136908760175E-8,Iris-virginica,1
4.295818115354921E-14,4.002443648676739E-19,9.137935782361121E-9,1.1192778987940973E-8,Iris-versicolor,2
3.927605134038785E-14,4.002443648676739E-19,8.749087451196815E-9,1.1992263201365331E-8,Iris-versicolor,2
4.234449285135566E-14,3.877367284655589E-19,9.526784113525426E-9,1.1992263201365331E-8,Iris-versicolor,2
3.37528566206458E-14,2.8767563724864056E-19,7.77696662328606E-9,1.0393294774516619E-8,Iris-versicolor,2
3.988973964258141E-14,3.502138192592146E-19,8.943511616778969E-9,1.1992263201365331E-8,Iris-versicolor,2
3.498023322503291E-14,3.502138192592146E-19,8.749087451196815E-9,1.0393294774516619E-8,Iris-versicolor,2
3.8662363038194285E-14,4.1275200126978855E-19,9.137935782361121E-9,1.279174741478969E-8,Iris-versicolor,2
3.007072680748443E-14,3.0018327365075535E-19,6.415997464210999E-9,7.994842134243556E-9,Iris-versicolor,2
4.050342794477498E-14,3.627214556613294E-19,8.943511616778969E-9,1.0393294774516619E-8,Iris-versicolor,2
3.1911791714065133E-14,3.3770618285709997E-19,7.582542457703908E-9,1.1192778987940973E-8,Iris-versicolor,2
3.0684415109678E-14,2.5015272804229612E-19,6.8048457953752986E-9,7.994842134243556E-9,Iris-versicolor,2
3.620760982942004E-14,3.7522909206344416E-19,8.16581495445036E-9,1.1992263201365331E-8,Iris-versicolor,2
3.682129813161359E-14,2.751680008465259E-19,7.77696662328606E-9,7.994842134243556E-9,Iris-versicolor,2
3.743498643380716E-14,3.627214556613294E-19,9.137935782361121E-9,1.1192778987940973E-8,Iris-versicolor,2
3.436654492283937E-14,3.627214556613294E-19,6.999269960957457E-9,1.0393294774516619E-8,Iris-versicolor,2
4.1117116246968527E-14,3.877367284655589E-19,8.554663285614667E-9,1.1192778987940973E-8,Iris-versicolor,2
3.436654492283937E-14,3.7522909206344416E-19,8.749087451196815E-9,1.1992263201365331E-8,Iris-versicolor,2
3.559392152722648E-14,3.3770618285709997E-19,7.97139078886821E-9,7.994842134243556E-9,Iris-versicolor,2
3.804867473600073E-14,2.751680008465259E-19,8.749087451196815E-9,1.1992263201365331E-8,Iris-versicolor,2
3.436654492283937E-14,3.1269091005287024E-19,7.582542457703908E-9,8.79432634766791E-9,Iris-versicolor,2
3.620760982942004E-14,4.002443648676739E-19,9.332359947943272E-9,1.4390715841638398E-8,Iris-versicolor,2
3.743498643380716E-14,3.502138192592146E-19,7.77696662328606E-9,1.0393294774516619E-8,Iris-versicolor,2
3.8662363038194285E-14,3.1269091005287024E-19,9.526784113525426E-9,1.1992263201365331E-8,Iris-versicolor,2
3.743498643380716E-14,3.502138192592146E-19,9.137935782361121E-9,9.59381056109226E-9,Iris-versicolor,2
3.927605134038785E-14,3.627214556613294E-19,8.360239120032513E-9,1.0393294774516619E-8,Iris-versicolor,2
4.050342794477498E-14,3.7522909206344416E-19,8.554663285614667E-9,1.1192778987940973E-8,Iris-versicolor,2
4.1730804549162064E-14,3.502138192592146E-19,9.332359947943272E-9,1.1192778987940973E-8,Iris-versicolor,2
4.1117116246968527E-14,3.7522909206344416E-19,9.721208279107582E-9,1.359123162821404E-8,Iris-versicolor,2
3.682129813161359E-14,3.627214556613294E-19,8.749087451196815E-9,1.1992263201365331E-8,Iris-versicolor,2
3.498023322503291E-14,3.2519854645498503E-19,6.8048457953752986E-9,7.994842134243556E-9,Iris-versicolor,2
3.37528566206458E-14,3.0018327365075535E-19,7.388118292121756E-9,8.79432634766791E-9,Iris-versicolor,2
3.37528566206458E-14,3.0018327365075535E-19,7.193694126539606E-9,7.994842134243556E-9,Iris-versicolor,2
3.559392152722648E-14,3.3770618285709997E-19,7.582542457703908E-9,9.59381056109226E-9,Iris-versicolor,2
3.682129813161359E-14,3.3770618285709997E-19,9.915632444689724E-9,1.279174741478969E-8,Iris-versicolor,2
3.313916831845226E-14,3.7522909206344416E-19,8.749087451196815E-9,1.1992263201365331E-8,Iris-versicolor,2
3.682129813161359E-14,4.2525963767190334E-19,8.749087451196815E-9,1.279174741478969E-8,Iris-versicolor,2
4.1117116246968527E-14,3.877367284655589E-19,9.137935782361121E-9,1.1992263201365331E-8,Iris-versicolor,2
3.8662363038194285E-14,2.8767563724864056E-19,8.554663285614667E-9,1.0393294774516619E-8,Iris-versicolor,2
3.436654492283937E-14,3.7522909206344416E-19,7.97139078886821E-9,1.0393294774516619E-8,Iris-versicolor,2
3.37528566206458E-14,3.1269091005287024E-19,7.77696662328606E-9,1.0393294774516619E-8,Iris-versicolor,2
3.37528566206458E-14,3.2519854645498503E-19,8.554663285614667E-9,9.59381056109226E-9,Iris-versicolor,2
3.743498643380716E-14,3.7522909206344416E-19,8.943511616778969E-9,1.1192778987940973E-8,Iris-versicolor,2
3.559392152722648E-14,3.2519854645498503E-19,7.77696662328606E-9,9.59381056109226E-9,Iris-versicolor,2
3.0684415109678E-14,2.8767563724864056E-19,6.415997464210999E-9,7.994842134243556E-9,Iris-versicolor,2
3.436654492283937E-14,3.3770618285709997E-19,8.16581495445036E-9,1.0393294774516619E-8,Iris-versicolor,2
3.498023322503291E-14,3.7522909206344416E-19,8.16581495445036E-9,9.59381056109226E-9,Iris-versicolor,2
3.498023322503291E-14,3.627214556613294E-19,8.16581495445036E-9,1.0393294774516619E-8,Iris-versicolor,2
3.804867473600073E-14,3.627214556613294E-19,8.360239120032513E-9,1.0393294774516619E-8,Iris-versicolor,2
3.129810341187156E-14,3.1269091005287024E-19,5.832724967464546E-9,8.79432634766791E-9,Iris-versicolor,2
3.498023322503291E-14,3.502138192592146E-19,7.97139078886821E-9,1.0393294774516619E-8,Iris-versicolor,2
3.559392152722648E-14,3.3770618285709997E-19,9.915632444689724E-9,1.5190200055062753E-8,Iris-virginica,2
3.8662363038194285E-14,3.627214556613294E-19,1.0887753272600483E-8,1.4390715841638398E-8,Iris-virginica,2
3.007072680748443E-14,3.1269091005287024E-19,8.749087451196815E-9,1.359123162821404E-8,Iris-virginica,2
4.479924606012987E-14,3.627214556613294E-19,1.2248722431675547E-8,1.4390715841638398E-8,Iris-virginica,2
4.1117116246968527E-14,3.1269091005287024E-19,1.1276601603764786E-8,1.4390715841638398E-8,Iris-virginica,2
3.988973964258141E-14,4.002443648676739E-19,9.915632444689724E-9,1.5989684268487112E-8,Iris-virginica,2
3.927605134038785E-14,3.3770618285709997E-19,1.0304480775854027E-8,1.5190200055062753E-8,Iris-virginica,2
3.498023322503291E-14,3.1269091005287024E-19,9.721208279107582E-9,1.5989684268487112E-8,Iris-virginica,2
3.988973964258141E-14,3.7522909206344416E-19,1.069332910701833E-8,1.4390715841638398E-8,Iris-virginica,2
3.682129813161359E-14,2.751680008465259E-19,9.721208279107582E-9,1.1992263201365331E-8,Iris-virginica,2
3.436654492283937E-14,3.502138192592146E-19,9.526784113525426E-9,1.5989684268487112E-8,Iris-virginica,2
3.8662363038194285E-14,3.3770618285709997E-19,9.526784113525426E-9,1.4390715841638398E-8,Iris-virginica,2
4.418555775793632E-14,4.002443648676739E-19,1.1665449934929093E-8,1.4390715841638398E-8,Iris-virginica,2
3.804867473600073E-14,3.502138192592146E-19,9.332359947943272E-9,1.4390715841638398E-8,Iris-virginica,2
3.743498643380716E-14,3.7522909206344416E-19,9.526784113525426E-9,1.4390715841638398E-8,Iris-virginica,2
4.418555775793632E-14,3.7522909206344416E-19,1.1276601603764786E-8,1.279174741478969E-8,Iris-virginica,2
4.541293436232345E-14,3.502138192592146E-19,1.1859874100511239E-8,1.5190200055062753E-8,Iris-virginica,2
3.8662363038194285E-14,3.502138192592146E-19,9.915632444689724E-9,1.1992263201365331E-8,Iris-virginica,2
3.743498643380716E-14,3.2519854645498503E-19,1.0887753272600483E-8,1.1192778987940973E-8,Iris-virginica,2
3.927605134038785E-14,3.877367284655589E-19,1.069332910701833E-8,1.4390715841638398E-8,Iris-virginica,2
3.682129813161359E-14,3.7522909206344416E-19,9.332359947943272E-9,1.4390715841638398E-8,Iris-virginica,2
3.559392152722648E-14,3.3770618285709997E-19,9.915632444689724E-9,1.5190200055062753E-8,Iris-virginica,2
3.8662363038194285E-14,3.1269091005287024E-19,9.721208279107582E-9,1.5190200055062753E-8,Iris-virginica,2
3.988973964258141E-14,3.7522909206344416E-19,1.0110056610271883E-8,1.5989684268487112E-8,Iris-virginica,2
3.620760982942004E-14,3.7522909206344416E-19,9.915632444689724E-9,1.4390715841638398E-8,Iris-virginica,2
