5.4986119244634754E-11,1.1384187384506901E-14,2.2394273092633906E-7,1.0106914248005399E-7,Iris-setosa,0
5.282980084288436E-11,9.757874901005916E-15,2.2394273092633906E-7,1.0106914248005399E-7,Iris-setosa,0
5.0673482441133984E-11,1.0408399894406311E-14,2.0794682157445779E-7,1.0106914248005399E-7,Iris-setosa,0
4.9595323240258806E-11,1.008313739770611E-14,2.3993864027822047E-7,1.0106914248005399E-7,Iris-setosa,0
5.390796004375957E-11,1.17094498812071E-14,2.2394273092633906E-7,1.0106914248005399E-7,Iris-setosa,0
5.822059684726036E-11,1.2685237371307695E-14,2.7193045898198313E-7,2.0213828496010799E-7,Iris-setosa,0
4.9595323240258806E-11,1.1058924887806702E-14,2.2394273092633906E-7,1.516037137200809E-7,Iris-setosa,0
5.390796004375957E-11,1.1058924887806702E-14,2.3993864027822047E-7,1.0106914248005399E-7,Iris-setosa,0
4.743900483850842E-11,9.432612404305718E-15,2.2394273092633906E-7,1.0106914248005399E-7,Iris-setosa,0
5.282980084288436E-11,1.008313739770611E-14,2.3993864027822047E-7,5.0534571240026996E-8,Iris-setosa,0
5.822059684726036E-11,1.2034712377907296E-14,2.3993864027822047E-7,1.0106914248005399E-7,Iris-setosa,0
5.17516416420092E-11,1.1058924887806702E-14,2.559345496301017E-7,1.0106914248005399E-7,Iris-setosa,0
5.17516416420092E-11,9.757874901005916E-15,2.2394273092633906E-7,5.0534571240026996E-8,Iris-setosa,0
4.6360845637633234E-11,9.757874901005916E-15,1.7595500287069502E-7,5.0534571240026996E-8,Iris-setosa,0
6.25332336507611E-11,1.3010499868007888E-14,1.9195091222257635E-7,1.0106914248005399E-7,Iris-setosa,0
6.145507444988589E-11,1.4311549854808683E-14,2.3993864027822047E-7,2.0213828496010799E-7,Iris-setosa,0
5.822059684726036E-11,1.2685237371307695E-14,2.0794682157445779E-7,2.0213828496010799E-7,Iris-setosa,0
5.4986119244634754E-11,1.1384187384506901E-14,2.2394273092633906E-7,1.516037137200809E-7,Iris-setosa,0
6.145507444988589E-11,1.235997487460749E-14,2.7193045898198313E-7,1.516037137200809E-7,Iris-setosa,0
5.4986119244634754E-11,1.235997487460749E-14,2.3993864027822047E-7,1.516037137200809E-7,Iris-setosa,0
5.822059684726036E-11,1.1058924887806702E-14,2.7193045898198313E-7,1.0106914248005399E-7,Iris-setosa,0
5.4986119244634754E-11,1.2034712377907296E-14,2.3993864027822047E-7,2.0213828496010799E-7,Iris-setosa,0
4.9595323240258806E-11,1.17094498812071E-14,1.5995909351881364E-7,1.0106914248005399E-7,Iris-setosa,0
5.4986119244634754E-11,1.0733662391106504E-14,2.7193045898198313E-7,2.526728562001349E-7,Iris-setosa,0
5.17516416420092E-11,1.1058924887806702E-14,3.0392227768574584E-7,1.0106914248005399E-7,Iris-setosa,0
5.390796004375957E-11,9.757874901005916E-15,2.559345496301017E-7,1.0106914248005399E-7,Iris-setosa,0
5.390796004375957E-11,1.1058924887806702E-14,2.559345496301017E-7,2.0213828496010799E-7,Iris-setosa,0
5.606427844550997E-11,1.1384187384506901E-14,2.3993864027822047E-7,1.0106914248005399E-7,Iris-setosa,0
5.606427844550997E-11,1.1058924887806702E-14,2.2394273092633906E-7,1.0106914248005399E-7,Iris-setosa,0
5.0673482441133984E-11,1.0408399894406311E-14,2.559345496301017E-7,1.0106914248005399E-7,Iris-setosa,0
5.17516416420092E-11,1.008313739770611E-14,2.559345496301017E-7,1.0106914248005399E-7,Iris-setosa,0
5.822059684726036E-11,1.1058924887806702E-14,2.3993864027822047E-7,2.0213828496010799E-7,Iris-setosa,0
5.606427844550997E-11,1.3335762364708088E-14,2.3993864027822047E-7,5.0534571240026996E-8,Iris-setosa,0
5.929875604813552E-11,1.3661024861408287E-14,2.2394273092633906E-7,1.0106914248005399E-7,Iris-setosa,0
5.282980084288436E-11,1.008313739770611E-14,2.3993864027822047E-7,5.0534571240026996E-8,Iris-setosa,0
5.390796004375957E-11,1.0408399894406311E-14,1.9195091222257635E-7,1.0106914248005399E-7,Iris-setosa,0
5.929875604813552E-11,1.1384187384506901E-14,2.0794682157445779E-7,1.0106914248005399E-7,Iris-setosa,0
5.282980084288436E-11,1.008313739770611E-14,2.3993864027822047E-7,5.0534571240026996E-8,Iris-setosa,0
4.743900483850842E-11,9.757874901005916E-15,2.0794682157445779E-7,1.0106914248005399E-7,Iris-setosa,0
5.4986119244634754E-11,1.1058924887806702E-14,2.3993864027822047E-7,1.0106914248005399E-7,Iris-setosa,0
5.390796004375957E-11,1.1384187384506901E-14,2.0794682157445779E-7,1.516037137200809E-7,Iris-setosa,0
4.8517164039383615E-11,7.481037424104536E-15,2.0794682157445779E-7,1.516037137200809E-7,Iris-setosa,0
4.743900483850842E-11,1.0408399894406311E-14,2.0794682157445779E-7,1.0106914248005399E-7,Iris-setosa,0
5.390796004375957E-11,1.1384187384506901E-14,2.559345496301017E-7,3.032074274401618E-7,Iris-setosa,0
5.4986119244634754E-11,1.235997487460749E-14,3.0392227768574584E-7,2.0213828496010799E-7,Iris-setosa,0
5.17516416420092E-11,9.757874901005916E-15,2.2394273092633906E-7,1.516037137200809E-7,Iris-setosa,0
5.4986119244634754E-11,1.235997487460749E-14,2.559345496301017E-7,1.0106914248005399E-7,Iris-setosa,0
4.9595323240258806E-11,1.0408399894406311E-14,2.2394273092633906E-7,1.0106914248005399E-7,Iris-setosa,0
5.7142437646385136E-11,1.2034712377907296E-14,2.3993864027822047E-7,1.0106914248005399E-7,Iris-setosa,0
5.390796004375957E-11,1.0733662391106504E-14,2.2394273092633906E-7,1.0106914248005399E-7,Iris-setosa,0
6.792402965513706E-11,1.0733662391106504E-14,9.597545611128819E-7,1.263364281000675E-6,Iris-virginica,1
7.65493032621386E-11,9.757874901005916E-15,9.437586517610005E-7,1.0612259960405667E-6,Iris-virginica,1
7.008034805688746E-11,9.757874901005916E-15,9.27762742409119E-7,1.1117605672805937E-6,Iris-virginica,1
8.194009926651453E-11,9.757874901005916E-15,1.0557300172241697E-6,1.0612259960405667E-6,Iris-virginica,1
7.762746246301378E-11,1.17094498812071E-14,9.757504704647627E-7,1.263364281000675E-6,Iris-virginica,1
7.008034805688746E-11,1.0408399894406311E-14,8.157913769459492E-7,1.0106914248005397E-6,Iris-virginica,1
7.331482565951299E-11,9.757874901005916E-15,8.797750143534747E-7,1.0612259960405667E-6,Iris-virginica,1
6.145507444988589E-11,8.131562417504931E-15,7.997954675940686E-7,1.0106914248005397E-6,Iris-virginica,1
6.25332336507611E-11,9.10734990760552E-15,8.157913769459492E-7,1.2128297097606472E-6,Iris-virginica,1
6.900218885601226E-11,1.0408399894406311E-14,8.477831956497122E-7,1.1622951385206206E-6,Iris-virginica,1
8.301825846738978E-11,1.235997487460749E-14,1.071725926576051E-6,1.1117605672805937E-6,Iris-virginica,1
8.301825846738978E-11,8.456824914205129E-15,1.1037177452798142E-6,1.1622951385206206E-6,Iris-virginica,1
7.439298486038824E-11,1.0408399894406311E-14,9.117668330572376E-7,1.1622951385206206E-6,Iris-virginica,1
6.037691524901073E-11,9.10734990760552E-15,7.837995582421869E-7,1.0106914248005397E-6,Iris-virginica,1
8.301825846738978E-11,9.10734990760552E-15,1.071725926576051E-6,1.0106914248005397E-6,Iris-virginica,1
7.223666645863783E-11,1.0733662391106504E-14,9.117668330572376E-7,1.0612259960405667E-6,Iris-virginica,1
6.900218885601226E-11,9.10734990760552E-15,8.957709237053563E-7,1.0612259960405667E-6,Iris-virginica,1
8.51745768691401E-11,1.235997487460749E-14,1.0237381985204068E-6,1.0106914248005397E-6,Iris-virginica,1
6.900218885601226E-11,9.10734990760552E-15,8.957709237053563E-7,1.1117605672805937E-6,Iris-virginica,1
8.301825846738978E-11,9.757874901005916E-15,9.757504704647627E-7,1.1622951385206206E-6,Iris-virginica,1
6.792402965513706E-11,1.1058924887806702E-14,8.957709237053563E-7,1.2128297097606472E-6,Iris-virginica,1
7.439298486038824E-11,1.008313739770611E-14,8.637791050015938E-7,1.0612259960405667E-6,Iris-virginica,1
7.223666645863783E-11,1.008313739770611E-14,8.957709237053563E-7,1.2128297097606472E-6,Iris-virginica,1
7.439298486038824E-11,1.008313739770611E-14,8.157913769459492E-7,1.1622951385206206E-6,Iris-virginica,1
7.331482565951299E-11,1.0408399894406311E-14,9.437586517610005E-7,1.1622951385206206E-6,Iris-virginica,1
7.223666645863783E-11,1.0733662391106504E-14,9.117668330572376E-7,1.263364281000675E-6,Iris-virginica,1
7.223666645863783E-11,9.757874901005916E-15,8.317872862978311E-7,1.1622951385206206E-6,Iris-virginica,1
7.008034805688746E-11,9.757874901005916E-15,8.317872862978311E-7,1.0106914248005397E-6,Iris-virginica,1
6.684587045426187E-11,1.1058924887806702E-14,8.637791050015938E-7,1.1622951385206206E-6,Iris-virginica,1
7.54711440612634E-11,1.0408399894406311E-14,7.51807739538424E-7,7.074839973603776E-7,Iris-versicolor,2
6.900218885601226E-11,1.0408399894406311E-14,7.198159208346612E-7,7.580185686004048E-7,Iris-versicolor,2
7.439298486038824E-11,1.008313739770611E-14,7.837995582421869E-7,7.580185686004048E-7,Iris-versicolor,2
5.929875604813552E-11,7.481037424104536E-15,6.398363740752546E-7,6.569494261203506E-7,Iris-versicolor,2
7.008034805688746E-11,9.10734990760552E-15,7.358118301865425E-7,7.580185686004048E-7,Iris-versicolor,2
6.145507444988589E-11,9.10734990760552E-15,7.198159208346612E-7,6.569494261203506E-7,Iris-versicolor,2
6.792402965513706E-11,1.0733662391106504E-14,7.51807739538424E-7,8.085531398404319E-7,Iris-versicolor,2
5.282980084288436E-11,7.806299920804733E-15,5.278650086120848E-7,5.053457124002698E-7,Iris-versicolor,2
7.115850725776265E-11,9.432612404305718E-15,7.358118301865425E-7,6.569494261203506E-7,Iris-versicolor,2
5.606427844550997E-11,8.782087410905328E-15,6.23840464723373E-7,7.074839973603776E-7,Iris-versicolor,2
5.390796004375957E-11,6.505249934003944E-15,5.598568273158475E-7,5.053457124002698E-7,Iris-versicolor,2
6.361139285163629E-11,9.757874901005916E-15,6.718281927790171E-7,7.580185686004048E-7,Iris-versicolor,2
6.468955205251147E-11,7.155774927404341E-15,6.398363740752546E-7,5.053457124002698E-7,Iris-versicolor,2
6.576771125338667E-11,9.432612404305718E-15,7.51807739538424E-7,7.074839973603776E-7,Iris-versicolor,2
6.037691524901073E-11,9.432612404305718E-15,5.758527366677292E-7,6.569494261203506E-7,Iris-versicolor,2
7.223666645863783E-11,1.008313739770611E-14,7.038200114827801E-7,7.074839973603776E-7,Iris-versicolor,2
6.037691524901073E-11,9.757874901005916E-15,7.198159208346612E-7,7.580185686004048E-7,Iris-versicolor,2
6.25332336507611E-11,8.782087410905328E-15,6.558322834271358E-7,5.053457124002698E-7,Iris-versicolor,2
6.684587045426187E-11,7.155774927404341E-15,7.198159208346612E-7,7.580185686004048E-7,Iris-versicolor,2
6.037691524901073E-11,8.131562417504931E-15,6.23840464723373E-7,5.558802836402969E-7,Iris-versicolor,2
6.361139285163629E-11,1.0408399894406311E-14,7.678036488903054E-7,9.096222823204856E-7,Iris-versicolor,2
6.576771125338667E-11,9.10734990760552E-15,6.398363740752546E-7,6.569494261203506E-7,Iris-versicolor,2
6.792402965513706E-11,8.131562417504931E-15,7.837995582421869E-7,7.580185686004048E-7,Iris-versicolor,2
6.576771125338667E-11,9.10734990760552E-15,7.51807739538424E-7,6.064148548803236E-7,Iris-versicolor,2
6.900218885601226E-11,9.432612404305718E-15,6.878241021308984E-7,6.569494261203506E-7,Iris-versicolor,2
7.115850725776265E-11,9.757874901005916E-15,7.038200114827801E-7,7.074839973603776E-7,Iris-versicolor,2
7.331482565951299E-11,9.10734990760552E-15,7.678036488903054E-7,7.074839973603776E-7,Iris-versicolor,2
7.223666645863783E-11,9.757874901005916E-15,7.997954675940686E-7,8.590877110804587E-7,Iris-versicolor,2
6.468955205251147E-11,9.432612404305718E-15,7.198159208346612E-7,7.580185686004048E-7,Iris-versicolor,2
6.145507444988589E-11,8.456824914205129E-15,5.598568273158475E-7,5.053457124002698E-7,Iris-versicolor,2
5.929875604813552E-11,7.806299920804733E-15,6.078445553714917E-7,5.558802836402969E-7,Iris-versicolor,2
5.929875604813552E-11,7.806299920804733E-15,5.918486460196105E-7,5.053457124002698E-7,Iris-versicolor,2
6.25332336507611E-11,8.782087410905328E-15,6.23840464723373E-7,6.064148548803236E-7,Iris-versicolor,2
6.468955205251147E-11,8.782087410905328E-15,8.157913769459492E-7,8.085531398404319E-7,Iris-versicolor,2
5.822059684726036E-11,9.757874901005916E-15,7.198159208346612E-7,7.580185686004048E-7,Iris-versicolor,2
6.468955205251147E-11,1.1058924887806702E-14,7.198159208346612E-7,8.085531398404319E-7,Iris-versicolor,2
7.223666645863783E-11,1.008313739770611E-14,7.51807739538424E-7,7.580185686004048E-7,Iris-versicolor,2
6.792402965513706E-11,7.481037424104536E-15,7.038200114827801E-7,6.569494261203506E-7,Iris-versicolor,2
6.037691524901073E-11,9.757874901005916E-15,6.558322834271358E-7,6.569494261203506E-7,Iris-versicolor,2
5.929875604813552E-11,8.131562417504931E-15,6.398363740752546E-7,6.569494261203506E-7,Iris-versicolor,2
5.929875604813552E-11,8.456824914205129E-15,7.038200114827801E-7,6.064148548803236E-7,Iris-versicolor,2
6.576771125338667E-11,9.757874901005916E-15,7.358118301865425E-7,7.074839973603776E-7,Iris-versicolor,2
6.25332336507611E-11,8.456824914205129E-15,6.398363740752546E-7,6.064148548803236E-7,Iris-versicolor,2
5.390796004375957E-11,7.481037424104536E-15,5.278650086120848E-7,5.053457124002698E-7,Iris-versicolor,2
6.037691524901073E-11,8.782087410905328E-15,6.718281927790171E-7,6.569494261203506E-7,Iris-versicolor,2
6.145507444988589E-11,9.757874901005916E-15,6.718281927790171E-7,6.064148548803236E-7,Iris-versicolor,2
6.145507444988589E-11,9.432612404305718E-15,6.718281927790171E-7,6.569494261203506E-7,Iris-versicolor,2
6.684587045426187E-11,9.432612404305718E-15,6.878241021308984E-7,6.569494261203506E-7,Iris-versicolor,2
5.4986119244634754E-11,8.131562417504931E-15,4.798772805564409E-7,5.558802836402969E-7,Iris-versicolor,2
6.145507444988589E-11,9.10734990760552E-15,6.558322834271358E-7,6.569494261203506E-7,Iris-versicolor,2
6.25332336507611E-11,8.782087410905328E-15,8.157913769459492E-7,9.601568535605126E-7,Iris-virginica,2
6.792402965513706E-11,9.432612404305718E-15,8.957709237053563E-7,9.096222823204856E-7,Iris-virginica,2
5.282980084288436E-11,8.131562417504931E-15,7.198159208346612E-7,8.590877110804587E-7,Iris-virginica,2
7.870562166388895E-11,9.432612404305718E-15,1.007742289168526E-6,9.096222823204856E-7,Iris-virginica,2
7.223666645863783E-11,8.131562417504931E-15,9.27762742409119E-7,9.096222823204856E-7,Iris-virginica,2
6.900218885601226E-11,8.782087410905328E-15,8.477831956497122E-7,9.601568535605126E-7,Iris-virginica,2
7.008034805688746E-11,9.757874901005916E-15,8.797750143534747E-7,9.096222823204856E-7,Iris-virginica,2
6.468955205251147E-11,7.155774927404341E-15,7.997954675940686E-7,7.580185686004048E-7,Iris-virginica,2
6.792402965513706E-11,8.782087410905328E-15,7.837995582421869E-7,9.096222823204856E-7,Iris-virginica,2
7.762746246301378E-11,1.0408399894406311E-14,9.597545611128819E-7,9.096222823204856E-7,Iris-virginica,2
6.684587045426187E-11,9.10734990760552E-15,7.678036488903054E-7,9.096222823204856E-7,Iris-virginica,2
6.576771125338667E-11,9.757874901005916E-15,7.837995582421869E-7,9.096222823204856E-7,Iris-virginica,2
7.762746246301378E-11,9.757874901005916E-15,9.27762742409119E-7,8.085531398404319E-7,Iris-virginica,2
7.978378086476418E-11,9.10734990760552E-15,9.757504704647627E-7,9.601568535605126E-7,Iris-virginica,2
6.792402965513706E-11,9.10734990760552E-15,8.157913769459492E-7,7.580185686004048E-7,Iris-virginica,2
6.576771125338667E-11,8.456824914205129E-15,8.957709237053563E-7,7.074839973603776E-7,Iris-virginica,2
6.900218885601226E-11,1.008313739770611E-14,8.797750143534747E-7,9.096222823204856E-7,Iris-virginica,2
6.468955205251147E-11,9.757874901005916E-15,7.678036488903054E-7,9.096222823204856E-7,Iris-virginica,2
6.25332336507611E-11,8.782087410905328E-15,8.157913769459492E-7,9.601568535605126E-7,Iris-virginica,2
6.792402965513706E-11,8.131562417504931E-15,7.997954675940686E-7,9.601568535605126E-7,Iris-virginica,2
6.361139285163629E-11,9.757874901005916E-15,8.157913769459492E-7,9.096222823204856E-7,Iris-virginica,2
