3.315779717702062E-4,1.5074919141424586E-5,0.0031532113246599573,7.312538063512481E-4,Iris-setosa,0
3.185749140537275E-4,1.2921359264078213E-5,0.0031532113246599573,7.312538063512481E-4,Iris-setosa,0
3.0557185633724887E-4,1.3782783215016762E-5,0.002927981944327104,7.312538063512481E-4,Iris-setosa,0
2.990703274790095E-4,1.3352071239547487E-5,0.0033784407049928114,7.312538063512481E-4,Iris-setosa,0
3.250764429119669E-4,1.550563111689386E-5,0.0031532113246599573,7.312538063512481E-4,Iris-setosa,0
3.5108255834492434E-4,1.6797767043301683E-5,0.00382889946565852,0.0014625076127024962,Iris-setosa,0
2.990703274790095E-4,1.4644207165955307E-5,0.0031532113246599573,0.0010968807095268717,Iris-setosa,0
3.250764429119669E-4,1.4644207165955307E-5,0.0033784407049928114,7.312538063512481E-4,Iris-setosa,0
2.860672697625309E-4,1.2490647288608939E-5,0.0031532113246599573,7.312538063512481E-4,Iris-setosa,0
3.185749140537275E-4,1.3352071239547487E-5,0.0033784407049928114,3.6562690317562405E-4,Iris-setosa,0
3.5108255834492434E-4,1.5936343092363135E-5,0.0033784407049928114,7.312538063512481E-4,Iris-setosa,0
3.120733851954883E-4,1.4644207165955307E-5,0.0036036700853256656,7.312538063512481E-4,Iris-setosa,0
3.120733851954883E-4,1.2921359264078213E-5,0.0031532113246599573,3.6562690317562405E-4,Iris-setosa,0
2.7956574090429154E-4,1.2921359264078213E-5,0.0024775231836613957,3.6562690317562405E-4,Iris-setosa,0
3.7708867377788156E-4,1.7228479018770954E-5,0.002702752563994249,7.312538063512481E-4,Iris-setosa,0
3.705871449196422E-4,1.8951326920648053E-5,0.0033784407049928114,0.0014625076127024962,Iris-setosa,0
3.5108255834492434E-4,1.6797767043301683E-5,0.002927981944327104,0.0014625076127024962,Iris-setosa,0
3.315779717702062E-4,1.5074919141424586E-5,0.0031532113246599573,0.0010968807095268717,Iris-setosa,0
3.705871449196422E-4,1.6367055067832402E-5,0.00382889946565852,0.0010968807095268717,Iris-setosa,0
3.315779717702062E-4,1.6367055067832402E-5,0.0033784407049928114,0.0010968807095268717,Iris-setosa,0
3.5108255834492434E-4,1.4644207165955307E-5,0.00382889946565852,7.312538063512481E-4,Iris-setosa,0
3.315779717702062E-4,1.5936343092363135E-5,0.0033784407049928114,0.0014625076127024962,Iris-setosa,0
2.990703274790095E-4,1.550563111689386E-5,0.0022522938033285415,7.312538063512481E-4,Iris-setosa,0
3.315779717702062E-4,1.4213495190486034E-5,0.00382889946565852,0.0018281345158781199,Iris-setosa,0
3.120733851954883E-4,1.4644207165955307E-5,0.004279358226324228,7.312538063512481E-4,Iris-setosa,0
3.250764429119669E-4,1.2921359264078213E-5,0.0036036700853256656,7.312538063512481E-4,Iris-setosa,0
3.250764429119669E-4,1.4644207165955307E-5,0.0036036700853256656,0.0014625076127024962,Iris-setosa,0
3.3807950062844557E-4,1.5074919141424586E-5,0.0033784407049928114,7.312538063512481E-4,Iris-setosa,0
3.3807950062844557E-4,1.4644207165955307E-5,0.0031532113246599573,7.312538063512481E-4,Iris-setosa,0
3.0557185633724887E-4,1.3782783215016762E-5,0.0036036700853256656,7.312538063512481E-4,Iris-setosa,0
3.120733851954883E-4,1.3352071239547487E-5,0.0036036700853256656,7.312538063512481E-4,Iris-setosa,0
3.5108255834492434E-4,1.4644207165955307E-5,0.0033784407049928114,0.0014625076127024962,Iris-setosa,0
3.3807950062844557E-4,1.7659190994240227E-5,0.0033784407049928114,3.6562690317562405E-4,Iris-setosa,0
3.575840872031635E-4,1.80899029697095E-5,0.0031532113246599573,7.312538063512481E-4,Iris-setosa,0
3.185749140537275E-4,1.3352071239547487E-5,0.0033784407049928114,3.6562690317562405E-4,Iris-setosa,0
3.250764429119669E-4,1.3782783215016762E-5,0.002702752563994249,7.312538063512481E-4,Iris-setosa,0
3.575840872031635E-4,1.5074919141424586E-5,0.002927981944327104,7.312538063512481E-4,Iris-setosa,0
3.185749140537275E-4,1.3352071239547487E-5,0.0033784407049928114,3.6562690317562405E-4,Iris-setosa,0
2.860672697625309E-4,1.2921359264078213E-5,0.002927981944327104,7.312538063512481E-4,Iris-setosa,0
3.315779717702062E-4,1.4644207165955307E-5,0.0033784407049928114,7.312538063512481E-4,Iris-setosa,0
3.250764429119669E-4,1.5074919141424586E-5,0.002927981944327104,0.0010968807095268717,Iris-setosa,0
2.9256879862077026E-4,9.906375435793299E-6,0.002927981944327104,0.0010968807095268717,Iris-setosa,0
2.860672697625309E-4,1.3782783215016762E-5,0.002927981944327104,7.312538063512481E-4,Iris-setosa,0
3.250764429119669E-4,1.5074919141424586E-5,0.0036036700853256656,0.0021937614190537433,Iris-setosa,0
3.315779717702062E-4,1.6367055067832402E-5,0.004279358226324228,0.0014625076127024962,Iris-setosa,0
3.120733851954883E-4,1.2921359264078213E-5,0.0031532113246599573,0.0010968807095268717,Iris-setosa,0
3.315779717702062E-4,1.6367055067832402E-5,0.0036036700853256656,7.312538063512481E-4,Iris-setosa,0
2.990703274790095E-4,1.3782783215016762E-5,0.0031532113246599573,7.312538063512481E-4,Iris-setosa,0
3.445810294866849E-4,1.5936343092363135E-5,0.0033784407049928114,7.312538063512481E-4,Iris-setosa,0
3.250764429119669E-4,1.4213495190486034E-5,0.0031532113246599573,7.312538063512481E-4,Iris-setosa,0
4.3560243350203564E-4,1.2921359264078213E-5,0.011261469016642708,0.006215657353985607,Iris-versicolor,1
3.9009173149436016E-4,1.1629223337670396E-5,0.011486698396975555,0.005850030450809985,Iris-versicolor,1
4.0959631806907826E-4,1.4213495190486034E-5,0.013513762819971246,0.0091406725793906,Iris-virginica,1
3.7708867377788156E-4,1.1629223337670396E-5,0.011486698396975555,0.006946911160336855,Iris-virginica,1
4.6160854893499307E-4,1.2921359264078213E-5,0.013288533439638395,0.007678164966688102,Iris-virginica,1
4.0959631806907826E-4,1.2490647288608939E-5,0.01261284529863983,0.006581284257161232,Iris-virginica,1
4.22599375785557E-4,1.2921359264078213E-5,0.01306330405930554,0.008043791869863728,Iris-virginica,1
4.941161932261897E-4,1.2921359264078213E-5,0.01486513910196837,0.007678164966688102,Iris-virginica,1
4.7461160665147157E-4,1.2490647288608939E-5,0.01418945096096981,0.006581284257161232,Iris-virginica,1
4.3560243350203564E-4,1.0767799386731846E-5,0.01306330405930554,0.006581284257161232,Iris-virginica,1
4.6811007779323235E-4,1.550563111689386E-5,0.013738992200304098,0.0091406725793906,Iris-virginica,1
4.22599375785557E-4,1.3782783215016762E-5,0.011486698396975555,0.0073125380635124795,Iris-virginica,1
4.1609784692731765E-4,1.1629223337670396E-5,0.011937157157641268,0.006946911160336855,Iris-virginica,1
4.4210396236027486E-4,1.2921359264078213E-5,0.012387615918306973,0.007678164966688102,Iris-virginica,1
3.705871449196422E-4,1.0767799386731846E-5,0.011261469016642708,0.0073125380635124795,Iris-virginica,1
3.7708867377788156E-4,1.2059935313139666E-5,0.011486698396975555,0.008775045676214973,Iris-virginica,1
4.1609784692731765E-4,1.3782783215016762E-5,0.011937157157641268,0.00840941877303935,Iris-virginica,1
4.22599375785557E-4,1.2921359264078213E-5,0.012387615918306973,0.006581284257161232,Iris-virginica,1
5.006177220844291E-4,1.6367055067832402E-5,0.015090368482301225,0.008043791869863728,Iris-virginica,1
5.006177220844291E-4,1.119851136220112E-5,0.015540827242966935,0.00840941877303935,Iris-virginica,1
4.486054912185144E-4,1.3782783215016762E-5,0.012838074678972683,0.00840941877303935,Iris-virginica,1
3.6408561606140295E-4,1.2059935313139666E-5,0.011036239636309852,0.0073125380635124795,Iris-virginica,1
5.006177220844291E-4,1.2059935313139666E-5,0.015090368482301225,0.0073125380635124795,Iris-virginica,1
4.0959631806907826E-4,1.1629223337670396E-5,0.011036239636309852,0.006581284257161232,Iris-virginica,1
4.3560243350203564E-4,1.4213495190486034E-5,0.012838074678972683,0.007678164966688102,Iris-virginica,1
4.6811007779323235E-4,1.3782783215016762E-5,0.013513762819971246,0.006581284257161232,Iris-virginica,1
3.965932603525996E-4,1.2921359264078213E-5,0.011036239636309852,0.006581284257161232,Iris-virginica,1
4.1609784692731765E-4,1.2059935313139666E-5,0.01261284529863983,0.007678164966688102,Iris-virginica,1
4.6811007779323235E-4,1.2921359264078213E-5,0.01306330405930554,0.005850030450809985,Iris-virginica,1
4.8111313550971096E-4,1.2059935313139666E-5,0.013738992200304098,0.006946911160336855,Iris-virginica,1
5.136207798009076E-4,1.6367055067832402E-5,0.014414680341302662,0.0073125380635124795,Iris-virginica,1
4.1609784692731765E-4,1.2059935313139666E-5,0.01261284529863983,0.008043791869863728,Iris-virginica,1
3.965932603525996E-4,1.119851136220112E-5,0.01261284529863983,0.005118776644458734,Iris-virginica,1
5.006177220844291E-4,1.2921359264078213E-5,0.013738992200304098,0.00840941877303935,Iris-virginica,1
4.0959631806907826E-4,1.4644207165955307E-5,0.01261284529863983,0.008775045676214973,Iris-virginica,1
4.1609784692731765E-4,1.3352071239547487E-5,0.012387615918306973,0.006581284257161232,Iris-virginica,1
4.486054912185144E-4,1.3352071239547487E-5,0.012162386537974123,0.007678164966688102,Iris-virginica,1
4.3560243350203564E-4,1.3352071239547487E-5,0.01261284529863983,0.008775045676214973,Iris-virginica,1
4.486054912185144E-4,1.3352071239547487E-5,0.011486698396975555,0.00840941877303935,Iris-virginica,1
3.7708867377788156E-4,1.1629223337670396E-5,0.011486698396975555,0.006946911160336855,Iris-virginica,1
4.4210396236027486E-4,1.3782783215016762E-5,0.013288533439638395,0.00840941877303935,Iris-virginica,1
4.3560243350203564E-4,1.4213495190486034E-5,0.012838074678972683,0.0091406725793906,Iris-virginica,1
4.3560243350203564E-4,1.2921359264078213E-5,0.011711927777308416,0.00840941877303935,Iris-virginica,1
4.0959631806907826E-4,1.0767799386731846E-5,0.011261469016642708,0.006946911160336855,Iris-virginica,1
4.22599375785557E-4,1.2921359264078213E-5,0.011711927777308416,0.0073125380635124795,Iris-virginica,1
4.0309478921083893E-4,1.4644207165955307E-5,0.012162386537974123,0.00840941877303935,Iris-virginica,1
3.8359020263612094E-4,1.2921359264078213E-5,0.011486698396975555,0.006581284257161232,Iris-virginica,1
4.5510702007675363E-4,1.3782783215016762E-5,0.010585780875644142,0.005118776644458734,Iris-versicolor,2
4.1609784692731765E-4,1.3782783215016762E-5,0.010135322114978433,0.005484403547634359,Iris-versicolor,2
4.486054912185144E-4,1.3352071239547487E-5,0.011036239636309852,0.005484403547634359,Iris-versicolor,2
3.575840872031635E-4,9.906375435793299E-6,0.009009175213314166,0.004753149741283111,Iris-versicolor,2
4.22599375785557E-4,1.2059935313139666E-5,0.010360551495311288,0.005484403547634359,Iris-versicolor,2
3.705871449196422E-4,1.2059935313139666E-5,0.010135322114978433,0.004753149741283111,Iris-versicolor,2
4.0959631806907826E-4,1.4213495190486034E-5,0.010585780875644142,0.005850030450809985,Iris-versicolor,2
3.185749140537275E-4,1.0337087411262572E-5,0.007432569550984185,0.0036562690317562398,Iris-versicolor,2
4.2910090464379636E-4,1.2490647288608939E-5,0.010360551495311288,0.004753149741283111,Iris-versicolor,2
3.3807950062844557E-4,1.1629223337670396E-5,0.00878394583298131,0.005118776644458734,Iris-versicolor,2
3.250764429119669E-4,8.614239509385477E-6,0.007883028311649894,0.0036562690317562398,Iris-versicolor,2
3.8359020263612094E-4,1.2921359264078213E-5,0.009459633973979873,0.005484403547634359,Iris-versicolor,2
3.9009173149436016E-4,9.475663460324026E-6,0.009009175213314166,0.0036562690317562398,Iris-versicolor,2
3.965932603525996E-4,1.2490647288608939E-5,0.010585780875644142,0.005118776644458734,Iris-versicolor,2
3.6408561606140295E-4,1.2490647288608939E-5,0.008108257691982748,0.004753149741283111,Iris-versicolor,2
4.3560243350203564E-4,1.3352071239547487E-5,0.009910092734645583,0.005118776644458734,Iris-versicolor,2
3.6408561606140295E-4,1.2921359264078213E-5,0.010135322114978433,0.005484403547634359,Iris-versicolor,2
3.7708867377788156E-4,1.1629223337670396E-5,0.009234404593647017,0.0036562690317562398,Iris-versicolor,2
4.0309478921083893E-4,9.475663460324026E-6,0.010135322114978433,0.005484403547634359,Iris-versicolor,2
3.6408561606140295E-4,1.0767799386731846E-5,0.00878394583298131,0.004021895934931864,Iris-versicolor,2
3.8359020263612094E-4,1.3782783215016762E-5,0.010811010255976996,0.006581284257161232,Iris-versicolor,2
3.965932603525996E-4,1.2059935313139666E-5,0.009009175213314166,0.004753149741283111,Iris-versicolor,2
4.0959631806907826E-4,1.0767799386731846E-5,0.011036239636309852,0.005484403547634359,Iris-versicolor,2
3.965932603525996E-4,1.2059935313139666E-5,0.010585780875644142,0.004387522838107487,Iris-versicolor,2
4.1609784692731765E-4,1.2490647288608939E-5,0.009684863354312725,0.004753149741283111,Iris-versicolor,2
4.2910090464379636E-4,1.2921359264078213E-5,0.009910092734645583,0.005118776644458734,Iris-versicolor,2
4.4210396236027486E-4,1.2059935313139666E-5,0.010811010255976996,0.005118776644458734,Iris-versicolor,2
3.9009173149436016E-4,1.2490647288608939E-5,0.010135322114978433,0.005484403547634359,Iris-versicolor,2
3.705871449196422E-4,1.119851136220112E-5,0.007883028311649894,0.0036562690317562398,Iris-versicolor,2
3.575840872031635E-4,1.0337087411262572E-5,0.008558716452648456,0.004021895934931864,Iris-versicolor,2
3.575840872031635E-4,1.0337087411262572E-5,0.008333487072315602,0.0036562690317562398,Iris-versicolor,2
3.7708867377788156E-4,1.1629223337670396E-5,0.00878394583298131,0.004387522838107487,Iris-versicolor,2
3.5108255834492434E-4,1.2921359264078213E-5,0.010135322114978433,0.005484403547634359,Iris-versicolor,2
3.9009173149436016E-4,1.4644207165955307E-5,0.010135322114978433,0.005850030450809985,Iris-versicolor,2
4.3560243350203564E-4,1.3352071239547487E-5,0.010585780875644142,0.005484403547634359,Iris-versicolor,2
4.0959631806907826E-4,9.906375435793299E-6,0.009910092734645583,0.004753149741283111,Iris-versicolor,2
3.6408561606140295E-4,1.2921359264078213E-5,0.009234404593647017,0.004753149741283111,Iris-versicolor,2
3.575840872031635E-4,1.0767799386731846E-5,0.009009175213314166,0.004753149741283111,Iris-versicolor,2
3.575840872031635E-4,1.119851136220112E-5,0.009910092734645583,0.004387522838107487,Iris-versicolor,2
3.965932603525996E-4,1.2921359264078213E-5,0.010360551495311288,0.005118776644458734,Iris-versicolor,2
3.7708867377788156E-4,1.119851136220112E-5,0.009009175213314166,0.004387522838107487,Iris-versicolor,2
3.250764429119669E-4,9.906375435793299E-6,0.007432569550984185,0.0036562690317562398,Iris-versicolor,2
3.6408561606140295E-4,1.1629223337670396E-5,0.009459633973979873,0.004753149741283111,Iris-versicolor,2
3.705871449196422E-4,1.2921359264078213E-5,0.009459633973979873,0.004387522838107487,Iris-versicolor,2
3.705871449196422E-4,1.2490647288608939E-5,0.009459633973979873,0.004753149741283111,Iris-versicolor,2
4.0309478921083893E-4,1.2490647288608939E-5,0.009684863354312725,0.004753149741283111,Iris-versicolor,2
3.315779717702062E-4,1.0767799386731846E-5,0.006756881409985623,0.004021895934931864,Iris-versicolor,2
3.705871449196422E-4,1.2059935313139666E-5,0.009234404593647017,0.004753149741283111,Iris-versicolor,2
3.185749140537275E-4,1.0767799386731846E-5,0.010135322114978433,0.006215657353985607,Iris-virginica,2
3.9009173149436016E-4,9.475663460324026E-6,0.011261469016642708,0.005484403547634359,Iris-virginica,2
4.0309478921083893E-4,1.2059935313139666E-5,0.010811010255976996,0.006581284257161232,Iris-virginica,2
4.0959631806907826E-4,1.2059935313139666E-5,0.011486698396975555,0.005484403547634359,Iris-virginica,2
3.9009173149436016E-4,1.2921359264078213E-5,0.010811010255976996,0.006581284257161232,Iris-virginica,2
