0.7938751879995511,0.22647418031633448,0.5407008978872235,0.0811610508435053,Iris-setosa,0
0.7627428276858433,0.19412072598542957,0.5407008978872235,0.0811610508435053,Iris-setosa,0
0.7316104673721354,0.20706210771779154,0.5020794051809934,0.0811610508435053,Iris-setosa,0
0.7160442872152815,0.20059141685161055,0.5793223905934538,0.0811610508435053,Iris-setosa,0
0.7783090078426973,0.23294487118251547,0.5407008978872235,0.0811610508435053,Iris-setosa,0
0.8405737284701131,0.2523569437810584,0.6565653760059142,0.1623221016870106,Iris-setosa,0
0.7160442872152815,0.2200034894501535,0.5407008978872235,0.12174157626525794,Iris-setosa,0
0.7783090078426973,0.2200034894501535,0.5793223905934538,0.0811610508435053,Iris-setosa,0
0.6849119269015737,0.18765003511924855,0.5407008978872235,0.0811610508435053,Iris-setosa,0
0.7627428276858433,0.20059141685161055,0.5793223905934538,0.04058052542175265,Iris-setosa,0
0.8405737284701131,0.23941556204869646,0.5793223905934538,0.0811610508435053,Iris-setosa,0
0.7471766475289894,0.2200034894501535,0.6179438832996841,0.0811610508435053,Iris-setosa,0
0.7471766475289894,0.19412072598542957,0.5407008978872235,0.04058052542175265,Iris-setosa,0
0.6693457467447196,0.19412072598542957,0.4248364197685328,0.04058052542175265,Iris-setosa,0
0.9028384490975289,0.2588276346472394,0.46345791247476303,0.0811610508435053,Iris-setosa,0
0.8872722689406749,0.28471039811196336,0.5793223905934538,0.1623221016870106,Iris-setosa,0
0.8405737284701131,0.2523569437810584,0.5020794051809934,0.1623221016870106,Iris-setosa,0
0.7938751879995511,0.22647418031633448,0.5407008978872235,0.12174157626525794,Iris-setosa,0
0.8872722689406749,0.24588625291487742,0.6565653760059142,0.12174157626525794,Iris-setosa,0
0.7938751879995511,0.24588625291487742,0.5793223905934538,0.12174157626525794,Iris-setosa,0
0.8405737284701131,0.2200034894501535,0.6565653760059142,0.0811610508435053,Iris-setosa,0
0.7938751879995511,0.23941556204869646,0.5793223905934538,0.1623221016870106,Iris-setosa,0
0.7160442872152815,0.23294487118251547,0.38621492706230254,0.0811610508435053,Iris-setosa,0
0.7938751879995511,0.2135327985839725,0.6565653760059142,0.20290262710876325,Iris-setosa,0
0.7471766475289894,0.2200034894501535,0.7338083614183748,0.0811610508435053,Iris-setosa,0
0.7783090078426973,0.19412072598542957,0.6179438832996841,0.0811610508435053,Iris-setosa,0
0.7783090078426973,0.2200034894501535,0.6179438832996841,0.1623221016870106,Iris-setosa,0
0.8094413681564052,0.22647418031633448,0.5793223905934538,0.0811610508435053,Iris-setosa,0
0.8094413681564052,0.2200034894501535,0.5407008978872235,0.0811610508435053,Iris-setosa,0
0.7316104673721354,0.20706210771779154,0.6179438832996841,0.0811610508435053,Iris-setosa,0
0.7471766475289894,0.20059141685161055,0.6179438832996841,0.0811610508435053,Iris-setosa,0
0.8405737284701131,0.2200034894501535,0.5793223905934538,0.1623221016870106,Iris-setosa,0
0.8094413681564052,0.26529832551342036,0.5793223905934538,0.04058052542175265,Iris-setosa,0
0.856139908626967,0.2717690163796014,0.5407008978872235,0.0811610508435053,Iris-setosa,0
0.7627428276858433,0.20059141685161055,0.5793223905934538,0.04058052542175265,Iris-setosa,0
0.7783090078426973,0.20706210771779154,0.46345791247476303,0.0811610508435053,Iris-setosa,0
0.856139908626967,0.22647418031633448,0.5020794051809934,0.0811610508435053,Iris-setosa,0
0.7627428276858433,0.20059141685161055,0.5793223905934538,0.04058052542175265,Iris-setosa,0
0.6849119269015737,0.19412072598542957,0.5020794051809934,0.0811610508435053,Iris-setosa,0
0.7938751879995511,0.2200034894501535,0.5793223905934538,0.0811610508435053,Iris-setosa,0
0.7783090078426973,0.22647418031633448,0.5020794051809934,0.12174157626525794,Iris-setosa,0
0.7004781070584275,0.14882588992216264,0.5020794051809934,0.12174157626525794,Iris-setosa,0
0.6849119269015737,0.20706210771779154,0.5020794051809934,0.0811610508435053,Iris-setosa,0
0.7783090078426973,0.22647418031633448,0.6179438832996841,0.2434831525305159,Iris-setosa,0
0.7938751879995511,0.24588625291487742,0.7338083614183748,0.1623221016870106,Iris-setosa,0
0.7471766475289894,0.19412072598542957,0.5407008978872235,0.12174157626525794,Iris-setosa,0
0.7938751879995511,0.24588625291487742,0.6179438832996841,0.0811610508435053,Iris-setosa,0
0.7160442872152815,0.20706210771779154,0.5407008978872235,0.0811610508435053,Iris-setosa,0
0.8250075483132591,0.23941556204869646,0.5793223905934538,0.0811610508435053,Iris-setosa,0
0.7783090078426973,0.2135327985839725,0.5407008978872235,0.0811610508435053,Iris-setosa,0
1.0429340705092143,0.19412072598542957,1.9310746353115127,0.6898689321697951,Iris-versicolor,1
0.9806693498817985,0.2135327985839725,2.3172895623738152,1.0145131355438162,Iris-virginica,1
0.9028384490975289,0.1747086533868866,1.9696961280177427,0.7710299830133003,Iris-virginica,1
1.10519879113663,0.19412072598542957,2.278668069667585,0.8521910338568057,Iris-virginica,1
0.9806693498817985,0.18765003511924855,2.162803591548894,0.7304494575915477,Iris-virginica,1
1.0118017101955064,0.19412072598542957,2.2400465769613547,0.8927715592785583,Iris-virginica,1
1.1830296919208998,0.19412072598542957,2.5490185186111964,0.8521910338568057,Iris-virginica,1
1.136331151450338,0.18765003511924855,2.433154040492506,0.7304494575915477,Iris-virginica,1
1.0429340705092143,0.16176727165452462,2.2400465769613547,0.7304494575915477,Iris-virginica,1
1.1207649712934842,0.23294487118251547,2.3559110550800453,1.0145131355438162,Iris-virginica,1
1.0118017101955064,0.20706210771779154,1.9696961280177427,0.811610508435053,Iris-virginica,1
0.9962355300386525,0.1747086533868866,2.0469391134302035,0.7710299830133003,Iris-virginica,1
1.0585002506660683,0.19412072598542957,2.124182098842664,0.8521910338568057,Iris-virginica,1
0.8872722689406749,0.16176727165452462,1.9310746353115127,0.811610508435053,Iris-virginica,1
0.9028384490975289,0.18117934425306756,1.9696961280177427,0.9739326101220636,Iris-virginica,1
0.9962355300386525,0.20706210771779154,2.0469391134302035,0.9333520847003108,Iris-virginica,1
1.0118017101955064,0.19412072598542957,2.124182098842664,0.7304494575915477,Iris-virginica,1
1.1985958720777539,0.24588625291487742,2.587640011317427,0.8927715592785583,Iris-virginica,1
1.1985958720777539,0.1682379625207056,2.6648829967298875,0.9333520847003108,Iris-virginica,1
1.0740664308229222,0.20706210771779154,2.2014250842551246,0.9333520847003108,Iris-virginica,1
1.1985958720777539,0.18117934425306756,2.587640011317427,0.811610508435053,Iris-virginica,1
1.0429340705092143,0.2135327985839725,2.2014250842551246,0.8521910338568057,Iris-virginica,1
1.1207649712934842,0.20706210771779154,2.3172895623738152,0.7304494575915477,Iris-virginica,1
0.9962355300386525,0.18117934425306756,2.162803591548894,0.8521910338568057,Iris-virginica,1
1.1207649712934842,0.19412072598542957,2.2400465769613547,0.6492884067480424,Iris-virginica,1
1.151897331607192,0.18117934425306756,2.3559110550800453,0.7710299830133003,Iris-virginica,1
1.2297282323914618,0.24588625291487742,2.4717755331987363,0.811610508435053,Iris-virginica,1
0.9962355300386525,0.18117934425306756,2.162803591548894,0.8927715592785583,Iris-virginica,1
0.9495369895680906,0.1682379625207056,2.162803591548894,0.5681273559045371,Iris-virginica,1
1.1985958720777539,0.19412072598542957,2.3559110550800453,0.9333520847003108,Iris-virginica,1
0.9806693498817985,0.2200034894501535,2.162803591548894,0.9739326101220636,Iris-virginica,1
0.9962355300386525,0.20059141685161055,2.124182098842664,0.7304494575915477,Iris-virginica,1
1.0740664308229222,0.20059141685161055,2.085560606136434,0.8521910338568057,Iris-virginica,1
1.0429340705092143,0.20059141685161055,2.162803591548894,0.9739326101220636,Iris-virginica,1
1.0740664308229222,0.20059141685161055,1.9696961280177427,0.9333520847003108,Iris-virginica,1
0.9028384490975289,0.1747086533868866,1.9696961280177427,0.7710299830133003,Iris-virginica,1
1.0585002506660683,0.20706210771779154,2.278668069667585,0.9333520847003108,Iris-virginica,1
1.0429340705092143,0.2135327985839725,2.2014250842551246,1.0145131355438162,Iris-virginica,1
1.0429340705092143,0.19412072598542957,2.0083176207239735,0.9333520847003108,Iris-virginica,1
0.9806693498817985,0.16176727165452462,1.9310746353115127,0.7710299830133003,Iris-virginica,1
1.0118017101955064,0.19412072598542957,2.0083176207239735,0.811610508435053,Iris-virginica,1
0.9651031697249446,0.2200034894501535,2.085560606136434,0.9333520847003108,Iris-virginica,1
0.9184046292543828,0.19412072598542957,1.9696961280177427,0.7304494575915477,Iris-virginica,1
1.0896326109797763,0.20706210771779154,1.815210157192822,0.5681273559045371,Iris-versicolor,2
0.9962355300386525,0.20706210771779154,1.7379671717803613,0.6087078813262897,Iris-versicolor,2
1.0740664308229222,0.20059141685161055,1.8924531426052826,0.6087078813262897,Iris-versicolor,2
0.856139908626967,0.14882588992216264,1.5448597082492102,0.5275468304827845,Iris-versicolor,2
1.0118017101955064,0.18117934425306756,1.7765886644865916,0.6087078813262897,Iris-versicolor,2
0.8872722689406749,0.18117934425306756,1.7379671717803613,0.5275468304827845,Iris-versicolor,2
0.9806693498817985,0.2135327985839725,1.815210157192822,0.6492884067480424,Iris-versicolor,2
0.7627428276858433,0.15529658078834363,1.2745092593055982,0.4058052542175265,Iris-versicolor,2
1.0273678903523604,0.18765003511924855,1.7765886644865916,0.5275468304827845,Iris-versicolor,2
0.8094413681564052,0.1747086533868866,1.5062382155429799,0.5681273559045371,Iris-versicolor,2
0.7783090078426973,0.1294138173236197,1.351752244718059,0.4058052542175265,Iris-versicolor,2
0.9184046292543828,0.19412072598542957,1.6221026936616707,0.6087078813262897,Iris-versicolor,2
0.9339708094112367,0.14235519905598168,1.5448597082492102,0.4058052542175265,Iris-versicolor,2
0.9495369895680906,0.18765003511924855,1.815210157192822,0.5681273559045371,Iris-versicolor,2
0.8717060887838209,0.18765003511924855,1.3903737374242893,0.5275468304827845,Iris-versicolor,2
1.0429340705092143,0.20059141685161055,1.6993456790741313,0.5681273559045371,Iris-versicolor,2
0.8717060887838209,0.19412072598542957,1.7379671717803613,0.6087078813262897,Iris-versicolor,2
0.9028384490975289,0.1747086533868866,1.5834812009554402,0.4058052542175265,Iris-versicolor,2
0.9651031697249446,0.14235519905598168,1.7379671717803613,0.6087078813262897,Iris-versicolor,2
0.8717060887838209,0.16176727165452462,1.5062382155429799,0.44638577963927917,Iris-versicolor,2
0.9184046292543828,0.20706210771779154,1.8538316498990521,0.7304494575915477,Iris-versicolor,2
0.9495369895680906,0.18117934425306756,1.5448597082492102,0.5275468304827845,Iris-versicolor,2
0.9806693498817985,0.16176727165452462,1.8924531426052826,0.6087078813262897,Iris-versicolor,2
0.9495369895680906,0.18117934425306756,1.815210157192822,0.4869663050610318,Iris-versicolor,2
0.9962355300386525,0.18765003511924855,1.6607241863679008,0.5275468304827845,Iris-versicolor,2
1.0273678903523604,0.19412072598542957,1.6993456790741313,0.5681273559045371,Iris-versicolor,2
1.0585002506660683,0.18117934425306756,1.8538316498990521,0.5681273559045371,Iris-versicolor,2
0.9339708094112367,0.18765003511924855,1.7379671717803613,0.6087078813262897,Iris-versicolor,2
0.8872722689406749,0.1682379625207056,1.351752244718059,0.4058052542175265,Iris-versicolor,2
0.856139908626967,0.15529658078834363,1.4676167228367496,0.44638577963927917,Iris-versicolor,2
0.856139908626967,0.15529658078834363,1.4289952301305195,0.4058052542175265,Iris-versicolor,2
0.9028384490975289,0.1747086533868866,1.5062382155429799,0.4869663050610318,Iris-versicolor,2
0.9339708094112367,0.1747086533868866,1.9696961280177427,0.6492884067480424,Iris-versicolor,2
0.8405737284701131,0.19412072598542957,1.7379671717803613,0.6087078813262897,Iris-versicolor,2
0.9339708094112367,0.2200034894501535,1.7379671717803613,0.6492884067480424,Iris-versicolor,2
1.0429340705092143,0.20059141685161055,1.815210157192822,0.6087078813262897,Iris-versicolor,2
0.9806693498817985,0.14882588992216264,1.6993456790741313,0.5275468304827845,Iris-versicolor,2
0.8717060887838209,0.19412072598542957,1.5834812009554402,0.5275468304827845,Iris-versicolor,2
0.856139908626967,0.16176727165452462,1.5448597082492102,0.5275468304827845,Iris-versicolor,2
0.856139908626967,0.1682379625207056,1.6993456790741313,0.4869663050610318,Iris-versicolor,2
0.9495369895680906,0.19412072598542957,1.7765886644865916,0.5681273559045371,Iris-versicolor,2
0.9028384490975289,0.1682379625207056,1.5448597082492102,0.4869663050610318,Iris-versicolor,2
0.7783090078426973,0.14882588992216264,1.2745092593055982,0.4058052542175265,Iris-versicolor,2
0.8717060887838209,0.1747086533868866,1.6221026936616707,0.5275468304827845,Iris-versicolor,2
0.8872722689406749,0.19412072598542957,1.6221026936616707,0.4869663050610318,Iris-versicolor,2
0.8872722689406749,0.18765003511924855,1.6221026936616707,0.5275468304827845,Iris-versicolor,2
0.9651031697249446,0.18765003511924855,1.6607241863679008,0.5275468304827845,Iris-versicolor,2
0.7938751879995511,0.16176727165452462,1.1586447811869076,0.44638577963927917,Iris-versicolor,2
0.8872722689406749,0.18117934425306756,1.5834812009554402,0.5275468304827845,Iris-versicolor,2
0.7627428276858433,0.16176727165452462,1.7379671717803613,0.6898689321697951,Iris-virginica,2
0.9339708094112367,0.14235519905598168,1.9310746353115127,0.6087078813262897,Iris-virginica,2
0.8717060887838209,0.18117934425306756,1.8924531426052826,0.811610508435053,Iris-virginica,2
0.9806693498817985,0.1747086533868866,1.8924531426052826,0.7304494575915477,Iris-virginica,2
0.9651031697249446,0.18117934425306756,1.8538316498990521,0.7304494575915477,Iris-virginica,2
0.9495369895680906,0.19412072598542957,1.8924531426052826,0.7304494575915477,Iris-virginica,2
0.9806693498817985,0.18117934425306756,1.9696961280177427,0.6087078813262897,Iris-virginica,2
0.9339708094112367,0.19412072598542957,1.8538316498990521,0.7304494575915477,Iris-virginica,2
