0.004907593442999986,5.549771686210696E-4,0.017446767127062338,0.0035602303639285355,Iris-setosa,0
0.004715138798176457,4.7569471596091667E-4,0.017446767127062338,0.0035602303639285355,Iris-setosa,0
0.004522684153352928,5.074076970249779E-4,0.016200569475129316,0.0035602303639285355,Iris-setosa,0
0.004426456830941164,4.915512064929472E-4,0.01869296477899536,0.0035602303639285355,Iris-setosa,0
0.004811366120588222,5.708336591531001E-4,0.017446767127062338,0.0035602303639285355,Iris-setosa,0
0.005196275410235281,6.184031307491919E-4,0.021185360082861412,0.007120460727857071,Iris-setosa,0
0.004426456830941164,5.391206780890388E-4,0.017446767127062338,0.005340345545892801,Iris-setosa,0
0.004811366120588222,5.391206780890388E-4,0.01869296477899536,0.0035602303639285355,Iris-setosa,0
0.004234002186117636,4.598382254288861E-4,0.017446767127062338,0.0035602303639285355,Iris-setosa,0
0.004715138798176457,4.915512064929472E-4,0.01869296477899536,0.0017801151819642677,Iris-setosa,0
0.005196275410235281,5.866901496851307E-4,0.01869296477899536,0.0035602303639285355,Iris-setosa,0
0.004618911475764694,5.391206780890388E-4,0.019939162430928383,0.0035602303639285355,Iris-setosa,0
0.004618911475764694,4.7569471596091667E-4,0.017446767127062338,0.0017801151819642677,Iris-setosa,0
0.004137774863705871,4.7569471596091667E-4,0.013708174171263268,0.0017801151819642677,Iris-setosa,0
0.005581184699882337,6.342596212812223E-4,0.014954371823196288,0.0035602303639285355,Iris-setosa,0
0.0054849573774705725,6.976855834093447E-4,0.01869296477899536,0.007120460727857071,Iris-setosa,0
0.005196275410235281,6.184031307491919E-4,0.016200569475129316,0.007120460727857071,Iris-setosa,0
0.004907593442999986,5.549771686210696E-4,0.017446767127062338,0.005340345545892801,Iris-setosa,0
0.0054849573774705725,6.025466402171611E-4,0.021185360082861412,0.005340345545892801,Iris-setosa,0
0.004907593442999986,6.025466402171611E-4,0.01869296477899536,0.005340345545892801,Iris-setosa,0
0.005196275410235281,5.391206780890388E-4,0.021185360082861412,0.0035602303639285355,Iris-setosa,0
0.004907593442999986,5.866901496851307E-4,0.01869296477899536,0.007120460727857071,Iris-setosa,0
0.004426456830941164,5.708336591531001E-4,0.012461976519330243,0.0035602303639285355,Iris-setosa,0
0.004907593442999986,5.232641875570083E-4,0.021185360082861412,0.008900575909821337,Iris-setosa,0
0.004618911475764694,5.391206780890388E-4,0.023677755386727457,0.0035602303639285355,Iris-setosa,0
0.004811366120588222,4.7569471596091667E-4,0.019939162430928383,0.0035602303639285355,Iris-setosa,0
0.004811366120588222,5.391206780890388E-4,0.019939162430928383,0.007120460727857071,Iris-setosa,0
0.0050038207654117504,5.549771686210696E-4,0.01869296477899536,0.0035602303639285355,Iris-setosa,0
0.0050038207654117504,5.391206780890388E-4,0.017446767127062338,0.0035602303639285355,Iris-setosa,0
0.004522684153352928,5.074076970249779E-4,0.019939162430928383,0.0035602303639285355,Iris-setosa,0
0.004618911475764694,4.915512064929472E-4,0.019939162430928383,0.0035602303639285355,Iris-setosa,0
0.005196275410235281,5.391206780890388E-4,0.01869296477899536,0.007120460727857071,Iris-setosa,0
0.0050038207654117504,6.501161118132528E-4,0.01869296477899536,0.0017801151819642677,Iris-setosa,0
0.005292502732647044,6.659726023452834E-4,0.017446767127062338,0.0035602303639285355,Iris-setosa,0
0.004715138798176457,4.915512064929472E-4,0.01869296477899536,0.0017801151819642677,Iris-setosa,0
0.004811366120588222,5.074076970249779E-4,0.014954371823196288,0.0035602303639285355,Iris-setosa,0
0.005292502732647044,5.549771686210696E-4,0.016200569475129316,0.0035602303639285355,Iris-setosa,0
0.004715138798176457,4.915512064929472E-4,0.01869296477899536,0.0017801151819642677,Iris-setosa,0
0.004234002186117636,4.7569471596091667E-4,0.016200569475129316,0.0035602303639285355,Iris-setosa,0
0.004907593442999986,5.391206780890388E-4,0.01869296477899536,0.0035602303639285355,Iris-setosa,0
0.004811366120588222,5.549771686210696E-4,0.016200569475129316,0.005340345545892801,Iris-setosa,0
0.0043302295085294006,3.646992822367028E-4,0.016200569475129316,0.005340345545892801,Iris-setosa,0
0.004234002186117636,5.074076970249779E-4,0.016200569475129316,0.0035602303639285355,Iris-setosa,0
0.004811366120588222,5.549771686210696E-4,0.019939162430928383,0.010680691091785603,Iris-setosa,0
0.004907593442999986,6.025466402171611E-4,0.023677755386727457,0.007120460727857071,Iris-setosa,0
0.004618911475764694,4.7569471596091667E-4,0.017446767127062338,0.005340345545892801,Iris-setosa,0
0.004907593442999986,6.025466402171611E-4,0.019939162430928383,0.0035602303639285355,Iris-setosa,0
0.004426456830941164,5.074076970249779E-4,0.017446767127062338,0.0035602303639285355,Iris-setosa,0
0.005100048087823515,5.866901496851307E-4,0.01869296477899536,0.0035602303639285355,Iris-setosa,0
0.004811366120588222,5.232641875570083E-4,0.017446767127062338,0.0035602303639285355,Iris-setosa,0
0.006447230601588218,4.7569471596091667E-4,0.06230988259665121,0.030261958093392542,Iris-versicolor,1
0.005773639344705865,4.281252443648251E-4,0.06355608024858421,0.028481842911428284,Iris-versicolor,1
0.006062321311941159,5.232641875570083E-4,0.07477185911598144,0.04450287954910669,Iris-virginica,1
0.005581184699882337,4.281252443648251E-4,0.06355608024858421,0.03382218845732108,Iris-virginica,1
0.006832139891235277,4.7569471596091667E-4,0.07352566146404843,0.03738241882124962,Iris-virginica,1
0.006062321311941159,4.598382254288861E-4,0.06978706850824935,0.03204207327535682,Iris-virginica,1
0.006254775956764689,4.7569471596091667E-4,0.0722794638121154,0.039162534003213886,Iris-virginica,1
0.007313276503294098,4.7569471596091667E-4,0.08224904502757958,0.03738241882124962,Iris-virginica,1
0.007024594536058803,4.598382254288861E-4,0.07851045207178052,0.03204207327535682,Iris-virginica,1
0.006447230601588218,3.9641226330076396E-4,0.0722794638121154,0.03204207327535682,Iris-virginica,1
0.0069283672136470405,5.708336591531001E-4,0.07601805676791445,0.04450287954910669,Iris-virginica,1
0.006254775956764689,5.074076970249779E-4,0.06355608024858421,0.03560230363928535,Iris-virginica,1
0.006158548634352924,4.281252443648251E-4,0.06604847555245028,0.03382218845732108,Iris-virginica,1
0.006543457923999981,4.7569471596091667E-4,0.06854087085631631,0.03738241882124962,Iris-virginica,1
0.0054849573774705725,3.9641226330076396E-4,0.06230988259665121,0.03560230363928535,Iris-virginica,1
0.005581184699882337,4.4398173489685564E-4,0.06355608024858421,0.04272276436714241,Iris-virginica,1
0.006158548634352924,5.074076970249779E-4,0.06604847555245028,0.04094264918517815,Iris-virginica,1
0.006254775956764689,4.7569471596091667E-4,0.06854087085631631,0.03204207327535682,Iris-virginica,1
0.007409503825705863,6.025466402171611E-4,0.08349524267951261,0.039162534003213886,Iris-virginica,1
0.007409503825705863,4.122687538327945E-4,0.08598763798337866,0.04094264918517815,Iris-virginica,1
0.006639685246411747,5.074076970249779E-4,0.07103326616018237,0.04094264918517815,Iris-virginica,1
0.0053887300550588095,4.4398173489685564E-4,0.061063684944718186,0.03560230363928535,Iris-virginica,1
0.007409503825705863,4.4398173489685564E-4,0.08349524267951261,0.03560230363928535,Iris-virginica,1
0.006062321311941159,4.281252443648251E-4,0.061063684944718186,0.03204207327535682,Iris-virginica,1
0.006447230601588218,5.232641875570083E-4,0.07103326616018237,0.03738241882124962,Iris-virginica,1
0.0069283672136470405,5.074076970249779E-4,0.07477185911598144,0.03204207327535682,Iris-virginica,1
0.005869866667117631,4.7569471596091667E-4,0.061063684944718186,0.03204207327535682,Iris-virginica,1
0.006158548634352924,4.4398173489685564E-4,0.06978706850824935,0.03738241882124962,Iris-virginica,1
0.0069283672136470405,4.7569471596091667E-4,0.0722794638121154,0.028481842911428284,Iris-virginica,1
0.007120821858470568,4.4398173489685564E-4,0.07601805676791445,0.03382218845732108,Iris-virginica,1
0.0076019584705293896,6.025466402171611E-4,0.07975664972371353,0.03560230363928535,Iris-virginica,1
0.006158548634352924,4.4398173489685564E-4,0.06978706850824935,0.039162534003213886,Iris-virginica,1
0.005869866667117631,4.122687538327945E-4,0.06978706850824935,0.02492161254749974,Iris-virginica,1
0.007409503825705863,4.7569471596091667E-4,0.07601805676791445,0.04094264918517815,Iris-virginica,1
0.006062321311941159,5.391206780890388E-4,0.06978706850824935,0.04272276436714241,Iris-virginica,1
0.006158548634352924,4.915512064929472E-4,0.06854087085631631,0.03204207327535682,Iris-virginica,1
0.006639685246411747,4.915512064929472E-4,0.0672946732043833,0.03738241882124962,Iris-virginica,1
0.006447230601588218,4.915512064929472E-4,0.06978706850824935,0.04272276436714241,Iris-virginica,1
0.006639685246411747,4.915512064929472E-4,0.06355608024858421,0.04094264918517815,Iris-virginica,1
0.005581184699882337,4.281252443648251E-4,0.06355608024858421,0.03382218845732108,Iris-virginica,1
0.006543457923999981,5.074076970249779E-4,0.07352566146404843,0.04094264918517815,Iris-virginica,1
0.006447230601588218,5.232641875570083E-4,0.07103326616018237,0.04450287954910669,Iris-virginica,1
0.006447230601588218,4.7569471596091667E-4,0.06480227790051726,0.04094264918517815,Iris-virginica,1
0.006062321311941159,3.9641226330076396E-4,0.06230988259665121,0.03382218845732108,Iris-virginica,1
0.006254775956764689,4.7569471596091667E-4,0.06480227790051726,0.03560230363928535,Iris-virginica,1
0.0059660939895293955,5.391206780890388E-4,0.0672946732043833,0.04094264918517815,Iris-virginica,1
0.005677412022294102,4.7569471596091667E-4,0.06355608024858421,0.03204207327535682,Iris-virginica,1
0.006735912568823511,5.074076970249779E-4,0.05857128964085213,0.02492161254749974,Iris-versicolor,2
0.006158548634352924,5.074076970249779E-4,0.056078894336986075,0.02670172772946401,Iris-versicolor,2
0.006639685246411747,4.915512064929472E-4,0.061063684944718186,0.02670172772946401,Iris-versicolor,2
0.005292502732647044,3.646992822367028E-4,0.04984790607732097,0.023141497365535474,Iris-versicolor,2
0.006254775956764689,4.4398173489685564E-4,0.0573250919889191,0.02670172772946401,Iris-versicolor,2
0.0054849573774705725,4.4398173489685564E-4,0.056078894336986075,0.023141497365535474,Iris-versicolor,2
0.006062321311941159,5.232641875570083E-4,0.05857128964085213,0.028481842911428284,Iris-versicolor,2
0.004715138798176457,3.8055577276873337E-4,0.04112452251378979,0.017801151819642674,Iris-versicolor,2
0.006351003279176454,4.598382254288861E-4,0.0573250919889191,0.023141497365535474,Iris-versicolor,2
0.0050038207654117504,4.281252443648251E-4,0.04860170842538794,0.02492161254749974,Iris-versicolor,2
0.004811366120588222,3.1712981064061115E-4,0.04361691781765584,0.017801151819642674,Iris-versicolor,2
0.005677412022294102,4.7569471596091667E-4,0.05234030138118702,0.02670172772946401,Iris-versicolor,2
0.005773639344705865,3.4884279170467234E-4,0.04984790607732097,0.017801151819642674,Iris-versicolor,2
0.005869866667117631,4.598382254288861E-4,0.05857128964085213,0.02492161254749974,Iris-versicolor,2
0.0053887300550588095,4.598382254288861E-4,0.04486311546958887,0.023141497365535474,Iris-versicolor,2
0.006447230601588218,4.915512064929472E-4,0.05483269668505307,0.02492161254749974,Iris-versicolor,2
0.0053887300550588095,4.7569471596091667E-4,0.056078894336986075,0.02670172772946401,Iris-versicolor,2
0.005581184699882337,4.281252443648251E-4,0.051094103729253985,0.017801151819642674,Iris-versicolor,2
0.0059660939895293955,3.4884279170467234E-4,0.056078894336986075,0.02670172772946401,Iris-versicolor,2
0.0053887300550588095,3.9641226330076396E-4,0.04860170842538794,0.019581267001606943,Iris-versicolor,2
0.005677412022294102,5.074076970249779E-4,0.05981748729278515,0.03204207327535682,Iris-versicolor,2
0.005869866667117631,4.4398173489685564E-4,0.04984790607732097,0.023141497365535474,Iris-versicolor,2
0.006062321311941159,3.9641226330076396E-4,0.061063684944718186,0.02670172772946401,Iris-versicolor,2
0.005869866667117631,4.4398173489685564E-4,0.05857128964085213,0.021361382183571205,Iris-versicolor,2
0.006158548634352924,4.598382254288861E-4,0.05358649903312003,0.023141497365535474,Iris-versicolor,2
0.006351003279176454,4.7569471596091667E-4,0.05483269668505307,0.02492161254749974,Iris-versicolor,2
0.006543457923999981,4.4398173489685564E-4,0.05981748729278515,0.02492161254749974,Iris-versicolor,2
0.005773639344705865,4.598382254288861E-4,0.056078894336986075,0.02670172772946401,Iris-versicolor,2
0.0054849573774705725,4.122687538327945E-4,0.04361691781765584,0.017801151819642674,Iris-versicolor,2
0.005292502732647044,3.8055577276873337E-4,0.047355510773454915,0.019581267001606943,Iris-versicolor,2
0.005292502732647044,3.8055577276873337E-4,0.046109313121521896,0.017801151819642674,Iris-versicolor,2
0.005581184699882337,4.281252443648251E-4,0.04860170842538794,0.021361382183571205,Iris-versicolor,2
0.005196275410235281,4.7569471596091667E-4,0.056078894336986075,0.02670172772946401,Iris-versicolor,2
0.005773639344705865,5.391206780890388E-4,0.056078894336986075,0.028481842911428284,Iris-versicolor,2
0.006447230601588218,4.915512064929472E-4,0.05857128964085213,0.02670172772946401,Iris-versicolor,2
0.006062321311941159,3.646992822367028E-4,0.05483269668505307,0.023141497365535474,Iris-versicolor,2
0.0053887300550588095,4.7569471596091667E-4,0.051094103729253985,0.023141497365535474,Iris-versicolor,2
0.005292502732647044,3.9641226330076396E-4,0.04984790607732097,0.023141497365535474,Iris-versicolor,2
0.005292502732647044,4.122687538327945E-4,0.05483269668505307,0.021361382183571205,Iris-versicolor,2
0.005869866667117631,4.7569471596091667E-4,0.0573250919889191,0.02492161254749974,Iris-versicolor,2
0.005581184699882337,4.122687538327945E-4,0.04984790607732097,0.021361382183571205,Iris-versicolor,2
0.004811366120588222,3.646992822367028E-4,0.04112452251378979,0.017801151819642674,Iris-versicolor,2
0.0053887300550588095,4.281252443648251E-4,0.05234030138118702,0.023141497365535474,Iris-versicolor,2
0.0054849573774705725,4.7569471596091667E-4,0.05234030138118702,0.021361382183571205,Iris-versicolor,2
0.0054849573774705725,4.598382254288861E-4,0.05234030138118702,0.023141497365535474,Iris-versicolor,2
0.0059660939895293955,4.598382254288861E-4,0.05358649903312003,0.023141497365535474,Iris-versicolor,2
0.004907593442999986,3.9641226330076396E-4,0.03738592955799072,0.019581267001606943,Iris-versicolor,2
0.0054849573774705725,4.4398173489685564E-4,0.051094103729253985,0.023141497365535474,Iris-versicolor,2
0.004715138798176457,3.9641226330076396E-4,0.056078894336986075,0.030261958093392542,Iris-virginica,2
0.005773639344705865,3.4884279170467234E-4,0.06230988259665121,0.02670172772946401,Iris-virginica,2
0.0059660939895293955,4.4398173489685564E-4,0.05981748729278515,0.03204207327535682,Iris-virginica,2
0.006062321311941159,4.4398173489685564E-4,0.06355608024858421,0.02670172772946401,Iris-virginica,2
0.005773639344705865,4.7569471596091667E-4,0.05981748729278515,0.03204207327535682,Iris-virginica,2
