8.463435624442367E-5,2.418205466773773E-6,0.0013366623138012798,3.296167157339714E-4,Iris-setosa,0
8.131536188189724E-5,2.072747542948948E-6,0.0013366623138012798,3.296167157339714E-4,Iris-setosa,0
7.799636751937083E-5,2.210930712478878E-6,0.001241186434244046,3.296167157339714E-4,Iris-setosa,0
7.633687033810761E-5,2.141839127713913E-6,0.0014321381933585142,3.296167157339714E-4,Iris-setosa,0
8.297485906316047E-5,2.4872970515387382E-6,0.0013366623138012798,3.296167157339714E-4,Iris-setosa,0
8.961284778821332E-5,2.6945718058336334E-6,0.001623089952472983,6.592334314679428E-4,Iris-setosa,0
7.633687033810761E-5,2.3491138820088073E-6,0.0013366623138012798,4.944250736009569E-4,Iris-setosa,0
8.297485906316047E-5,2.3491138820088073E-6,0.0014321381933585142,3.296167157339714E-4,Iris-setosa,0
7.301787597558121E-5,2.003655958183983E-6,0.0013366623138012798,3.296167157339714E-4,Iris-setosa,0
8.131536188189724E-5,2.141839127713913E-6,0.0014321381933585142,1.648083578669857E-4,Iris-setosa,0
8.961284778821332E-5,2.5563886363037033E-6,0.0014321381933585142,3.296167157339714E-4,Iris-setosa,0
7.965586470063406E-5,2.3491138820088073E-6,0.0015276140729157484,3.296167157339714E-4,Iris-setosa,0
7.965586470063406E-5,2.072747542948948E-6,0.0013366623138012798,1.648083578669857E-4,Iris-setosa,0
7.1358378794318E-5,2.072747542948948E-6,0.0010502346751295774,1.648083578669857E-4,Iris-setosa,0
9.625083651326612E-5,2.7636633905985976E-6,0.0011457105546868113,3.296167157339714E-4,Iris-setosa,0
9.459133933200292E-5,3.0400297296584583E-6,0.0014321381933585142,6.592334314679428E-4,Iris-setosa,0
8.961284778821332E-5,2.6945718058336334E-6,0.001241186434244046,6.592334314679428E-4,Iris-setosa,0
8.463435624442367E-5,2.418205466773773E-6,0.0013366623138012798,4.944250736009569E-4,Iris-setosa,0
9.459133933200292E-5,2.625480221068667E-6,0.001623089952472983,4.944250736009569E-4,Iris-setosa,0
8.463435624442367E-5,2.625480221068667E-6,0.0014321381933585142,4.944250736009569E-4,Iris-setosa,0
8.961284778821332E-5,2.3491138820088073E-6,0.001623089952472983,3.296167157339714E-4,Iris-setosa,0
8.463435624442367E-5,2.5563886363037033E-6,0.0014321381933585142,6.592334314679428E-4,Iris-setosa,0
7.633687033810761E-5,2.4872970515387382E-6,9.54758795572343E-4,3.296167157339714E-4,Iris-setosa,0
8.463435624442367E-5,2.2800222972438427E-6,0.001623089952472983,8.240417893349283E-4,Iris-setosa,0
7.965586470063406E-5,2.3491138820088073E-6,0.0018140417115874513,3.296167157339714E-4,Iris-setosa,0
8.297485906316047E-5,2.072747542948948E-6,0.0015276140729157484,3.296167157339714E-4,Iris-setosa,0
8.297485906316047E-5,2.3491138820088073E-6,0.0015276140729157484,6.592334314679428E-4,Iris-setosa,0
8.629385342568689E-5,2.418205466773773E-6,0.0014321381933585142,3.296167157339714E-4,Iris-setosa,0
8.629385342568689E-5,2.3491138820088073E-6,0.0013366623138012798,3.296167157339714E-4,Iris-setosa,0
7.799636751937083E-5,2.210930712478878E-6,0.0015276140729157484,3.296167157339714E-4,Iris-setosa,0
7.965586470063406E-5,2.141839127713913E-6,0.0015276140729157484,3.296167157339714E-4,Iris-setosa,0
8.961284778821332E-5,2.3491138820088073E-6,0.0014321381933585142,6.592334314679428E-4,Iris-setosa,0
8.629385342568689E-5,2.8327549753635627E-6,0.0014321381933585142,1.648083578669857E-4,Iris-setosa,0
9.127234496947649E-5,2.9018465601285277E-6,0.0013366623138012798,3.296167157339714E-4,Iris-setosa,0
8.131536188189724E-5,2.141839127713913E-6,0.0014321381933585142,1.648083578669857E-4,Iris-setosa,0
8.297485906316047E-5,2.210930712478878E-6,0.0011457105546868113,3.296167157339714E-4,Iris-setosa,0
9.127234496947649E-5,2.418205466773773E-6,0.001241186434244046,3.296167157339714E-4,Iris-setosa,0
8.131536188189724E-5,2.141839127713913E-6,0.0014321381933585142,1.648083578669857E-4,Iris-setosa,0
7.301787597558121E-5,2.072747542948948E-6,0.001241186434244046,3.296167157339714E-4,Iris-setosa,0
8.463435624442367E-5,2.3491138820088073E-6,0.0014321381933585142,3.296167157339714E-4,Iris-setosa,0
8.297485906316047E-5,2.418205466773773E-6,0.001241186434244046,4.944250736009569E-4,Iris-setosa,0
7.467737315684443E-5,1.5891064495941938E-6,0.001241186434244046,4.944250736009569E-4,Iris-setosa,0
7.301787597558121E-5,2.210930712478878E-6,0.001241186434244046,3.296167157339714E-4,Iris-setosa,0
8.297485906316047E-5,2.418205466773773E-6,0.0015276140729157484,9.888501472019137E-4,Iris-setosa,0
8.463435624442367E-5,2.625480221068667E-6,0.0018140417115874513,6.592334314679428E-4,Iris-setosa,0
7.965586470063406E-5,2.072747542948948E-6,0.0013366623138012798,4.944250736009569E-4,Iris-setosa,0
8.463435624442367E-5,2.625480221068667E-6,0.0015276140729157484,3.296167157339714E-4,Iris-setosa,0
7.633687033810761E-5,2.210930712478878E-6,0.0013366623138012798,3.296167157339714E-4,Iris-setosa,0
8.795335060695009E-5,2.5563886363037033E-6,0.0014321381933585142,3.296167157339714E-4,Iris-setosa,0
8.297485906316047E-5,2.2800222972438427E-6,0.0013366623138012798,3.296167157339714E-4,Iris-setosa,0
9.791033369452934E-5,2.210930712478878E-6,0.004582842218747245,0.0029665504416057425,Iris-versicolor,1
1.1118631114463502E-4,2.072747542948948E-6,0.004773793977861715,0.0028017420837387562,Iris-versicolor,1
9.956983087579253E-5,1.8654727886540538E-6,0.0048692698574189465,0.0026369337258717713,Iris-versicolor,1
1.0454832241958218E-4,2.2800222972438427E-6,0.005728552773434057,0.0041202089466746425,Iris-virginica,1
9.625083651326612E-5,1.8654727886540538E-6,0.0048692698574189465,0.0031313587994727275,Iris-virginica,1
1.1782429986968788E-4,2.072747542948948E-6,0.005633076893876824,0.0034609755152066987,Iris-virginica,1
1.0454832241958218E-4,2.003655958183983E-6,0.005346649255205119,0.0029665504416057425,Iris-virginica,1
1.078673167821086E-4,2.072747542948948E-6,0.0055376010143195886,0.003625783873073685,Iris-virginica,1
1.261217857760039E-4,2.072747542948948E-6,0.006301408050777463,0.0034609755152066987,Iris-virginica,1
1.2114329423221425E-4,2.003655958183983E-6,0.006014980412105761,0.0029665504416057425,Iris-virginica,1
1.1118631114463502E-4,1.7272896191241237E-6,0.0055376010143195886,0.0029665504416057425,Iris-virginica,1
1.1948379705095107E-4,2.4872970515387382E-6,0.00582402865299129,0.0041202089466746425,Iris-virginica,1
1.078673167821086E-4,2.210930712478878E-6,0.0048692698574189465,0.0032961671573397133,Iris-virginica,1
1.062078196008454E-4,1.8654727886540538E-6,0.005060221616533417,0.0031313587994727275,Iris-virginica,1
1.128458083258982E-4,2.072747542948948E-6,0.005251173375647884,0.0034609755152066987,Iris-virginica,1
9.459133933200292E-5,1.7272896191241237E-6,0.004773793977861715,0.0032961671573397133,Iris-virginica,1
9.625083651326612E-5,1.9345643734190182E-6,0.0048692698574189465,0.003955400588807655,Iris-virginica,1
1.062078196008454E-4,2.210930712478878E-6,0.005060221616533417,0.0037905922309406695,Iris-virginica,1
1.078673167821086E-4,2.072747542948948E-6,0.005251173375647884,0.0029665504416057425,Iris-virginica,1
1.2778128295726714E-4,2.625480221068667E-6,0.006396883930334696,0.003625783873073685,Iris-virginica,1
1.2778128295726714E-4,1.7963812038890885E-6,0.006587835689449166,0.0037905922309406695,Iris-virginica,1
1.1450530550716147E-4,2.210930712478878E-6,0.005442125134762354,0.0037905922309406695,Iris-virginica,1
9.293184215073972E-5,1.9345643734190182E-6,0.00467831809830448,0.0032961671573397133,Iris-virginica,1
1.2778128295726714E-4,1.9345643734190182E-6,0.006396883930334696,0.0032961671573397133,Iris-virginica,1
1.0454832241958218E-4,1.8654727886540538E-6,0.00467831809830448,0.0029665504416057425,Iris-virginica,1
1.1118631114463502E-4,2.2800222972438427E-6,0.005442125134762354,0.0034609755152066987,Iris-virginica,1
1.1948379705095107E-4,2.210930712478878E-6,0.005728552773434057,0.0029665504416057425,Iris-virginica,1
1.0288882523831897E-4,1.9345643734190182E-6,0.004582842218747245,0.0029665504416057425,Iris-virginica,1
1.0122932805705577E-4,2.072747542948948E-6,0.00467831809830448,0.0029665504416057425,Iris-virginica,1
1.062078196008454E-4,1.9345643734190182E-6,0.005346649255205119,0.0034609755152066987,Iris-virginica,1
1.1948379705095107E-4,2.072747542948948E-6,0.0055376010143195886,0.0026369337258717713,Iris-virginica,1
1.2280279141347748E-4,1.9345643734190182E-6,0.00582402865299129,0.0031313587994727275,Iris-virginica,1
1.311002773197935E-4,2.625480221068667E-6,0.0061104562916629935,0.0032961671573397133,Iris-virginica,1
1.062078196008454E-4,1.9345643734190182E-6,0.005346649255205119,0.003625783873073685,Iris-virginica,1
1.0122932805705577E-4,1.7963812038890885E-6,0.005346649255205119,0.0023073170101377987,Iris-virginica,1
1.2778128295726714E-4,2.072747542948948E-6,0.00582402865299129,0.0037905922309406695,Iris-virginica,1
1.0454832241958218E-4,2.3491138820088073E-6,0.005346649255205119,0.003955400588807655,Iris-virginica,1
1.062078196008454E-4,2.141839127713913E-6,0.005251173375647884,0.0029665504416057425,Iris-virginica,1
9.956983087579253E-5,2.072747542948948E-6,0.004582842218747245,0.0029665504416057425,Iris-virginica,1
1.1450530550716147E-4,2.141839127713913E-6,0.005155697496090651,0.0034609755152066987,Iris-virginica,1
1.1118631114463502E-4,2.141839127713913E-6,0.005346649255205119,0.003955400588807655,Iris-virginica,1
1.1450530550716147E-4,2.141839127713913E-6,0.0048692698574189465,0.0037905922309406695,Iris-virginica,1
9.625083651326612E-5,1.8654727886540538E-6,0.0048692698574189465,0.0031313587994727275,Iris-virginica,1
1.128458083258982E-4,2.210930712478878E-6,0.005633076893876824,0.0037905922309406695,Iris-virginica,1
1.1118631114463502E-4,2.2800222972438427E-6,0.005442125134762354,0.0041202089466746425,Iris-virginica,1
1.1118631114463502E-4,2.072747542948948E-6,0.004964745736976184,0.0037905922309406695,Iris-virginica,1
1.0454832241958218E-4,1.7272896191241237E-6,0.004773793977861715,0.0031313587994727275,Iris-virginica,1
1.078673167821086E-4,2.072747542948948E-6,0.004964745736976184,0.0032961671573397133,Iris-virginica,1
1.0288882523831897E-4,2.3491138820088073E-6,0.005155697496090651,0.0037905922309406695,Iris-virginica,1
9.791033369452934E-5,2.072747542948948E-6,0.0048692698574189465,0.0029665504416057425,Iris-virginica,1
1.1616480268842465E-4,2.210930712478878E-6,0.004487366339190011,0.0023073170101377987,Iris-versicolor,2
1.062078196008454E-4,2.210930712478878E-6,0.004296414580075542,0.002472125368004785,Iris-versicolor,2
1.1450530550716147E-4,2.141839127713913E-6,0.00467831809830448,0.002472125368004785,Iris-versicolor,2
9.127234496947649E-5,1.5891064495941938E-6,0.003819035182289372,0.0021425086522708133,Iris-versicolor,2
1.078673167821086E-4,1.9345643734190182E-6,0.004391890459632776,0.002472125368004785,Iris-versicolor,2
9.459133933200292E-5,1.9345643734190182E-6,0.004296414580075542,0.0021425086522708133,Iris-versicolor,2
1.0454832241958218E-4,2.2800222972438427E-6,0.004487366339190011,0.0026369337258717713,Iris-versicolor,2
8.131536188189724E-5,1.6581980343591586E-6,0.0031507040253887313,0.0016480835786698567,Iris-versicolor,2
1.0952681396337182E-4,2.003655958183983E-6,0.004391890459632776,0.0021425086522708133,Iris-versicolor,2
8.629385342568689E-5,1.8654727886540538E-6,0.003723559302732137,0.0023073170101377987,Iris-versicolor,2
8.297485906316047E-5,1.3818316952992988E-6,0.0033416557845031996,0.0016480835786698567,Iris-versicolor,2
9.791033369452934E-5,2.072747542948948E-6,0.0040099869414038395,0.002472125368004785,Iris-versicolor,2
9.956983087579253E-5,1.5200148648292291E-6,0.003819035182289372,0.0016480835786698567,Iris-versicolor,2
1.0122932805705577E-4,2.003655958183983E-6,0.004487366339190011,0.0023073170101377987,Iris-versicolor,2
9.293184215073972E-5,2.003655958183983E-6,0.003437131664060434,0.0021425086522708133,Iris-versicolor,2
1.1118631114463502E-4,2.141839127713913E-6,0.00420093870051831,0.0023073170101377987,Iris-versicolor,2
9.293184215073972E-5,2.072747542948948E-6,0.004296414580075542,0.002472125368004785,Iris-versicolor,2
9.625083651326612E-5,1.8654727886540538E-6,0.003914511061846605,0.0016480835786698567,Iris-versicolor,2
1.0288882523831897E-4,1.5200148648292291E-6,0.004296414580075542,0.002472125368004785,Iris-versicolor,2
9.293184215073972E-5,1.7272896191241237E-6,0.003723559302732137,0.0018128919365368425,Iris-versicolor,2
1.0122932805705577E-4,1.9345643734190182E-6,0.003819035182289372,0.0021425086522708133,Iris-versicolor,2
1.0454832241958218E-4,1.7272896191241237E-6,0.00467831809830448,0.002472125368004785,Iris-versicolor,2
1.0122932805705577E-4,1.9345643734190182E-6,0.004487366339190011,0.0019777002944038275,Iris-versicolor,2
1.062078196008454E-4,2.003655958183983E-6,0.004105462820961073,0.0021425086522708133,Iris-versicolor,2
1.0952681396337182E-4,2.072747542948948E-6,0.00420093870051831,0.0023073170101377987,Iris-versicolor,2
1.128458083258982E-4,1.9345643734190182E-6,0.004582842218747245,0.0023073170101377987,Iris-versicolor,2
9.956983087579253E-5,2.003655958183983E-6,0.004296414580075542,0.002472125368004785,Iris-versicolor,2
9.459133933200292E-5,1.7963812038890885E-6,0.0033416557845031996,0.0016480835786698567,Iris-versicolor,2
9.127234496947649E-5,1.6581980343591586E-6,0.0036280834231749025,0.0018128919365368425,Iris-versicolor,2
9.127234496947649E-5,1.6581980343591586E-6,0.0035326075436176683,0.0016480835786698567,Iris-versicolor,2
9.625083651326612E-5,1.8654727886540538E-6,0.003723559302732137,0.0019777002944038275,Iris-versicolor,2
8.961284778821332E-5,2.072747542948948E-6,0.004296414580075542,0.002472125368004785,Iris-versicolor,2
9.956983087579253E-5,2.3491138820088073E-6,0.004296414580075542,0.0026369337258717713,Iris-versicolor,2
1.1118631114463502E-4,2.141839127713913E-6,0.004487366339190011,0.002472125368004785,Iris-versicolor,2
1.0454832241958218E-4,1.5891064495941938E-6,0.00420093870051831,0.0021425086522708133,Iris-versicolor,2
9.293184215073972E-5,2.072747542948948E-6,0.003914511061846605,0.0021425086522708133,Iris-versicolor,2
9.127234496947649E-5,1.7272896191241237E-6,0.003819035182289372,0.0021425086522708133,Iris-versicolor,2
9.127234496947649E-5,1.7963812038890885E-6,0.00420093870051831,0.0019777002944038275,Iris-versicolor,2
1.0122932805705577E-4,2.072747542948948E-6,0.004391890459632776,0.0023073170101377987,Iris-versicolor,2
9.625083651326612E-5,1.7963812038890885E-6,0.003819035182289372,0.0019777002944038275,Iris-versicolor,2
8.297485906316047E-5,1.5891064495941938E-6,0.0031507040253887313,0.0016480835786698567,Iris-versicolor,2
9.293184215073972E-5,1.8654727886540538E-6,0.0040099869414038395,0.0021425086522708133,Iris-versicolor,2
9.459133933200292E-5,2.072747542948948E-6,0.0040099869414038395,0.0019777002944038275,Iris-versicolor,2
9.459133933200292E-5,2.003655958183983E-6,0.0040099869414038395,0.0021425086522708133,Iris-versicolor,2
1.0288882523831897E-4,2.003655958183983E-6,0.004105462820961073,0.0021425086522708133,Iris-versicolor,2
8.463435624442367E-5,1.7272896191241237E-6,0.0028642763867170284,0.0018128919365368425,Iris-versicolor,2
9.459133933200292E-5,1.9345643734190182E-6,0.003914511061846605,0.0021425086522708133,Iris-versicolor,2
8.131536188189724E-5,1.7272896191241237E-6,0.004296414580075542,0.0028017420837387562,Iris-virginica,2
9.956983087579253E-5,1.5200148648292291E-6,0.004773793977861715,0.002472125368004785,Iris-virginica,2
1.0454832241958218E-4,1.9345643734190182E-6,0.0048692698574189465,0.002472125368004785,Iris-virginica,2
