2.41791335643894E-20,1.8469965373784513E-27,8.642560684734056E-13,7.699378830962677E-13,Iris-setosa,0
2.3230932248138825E-20,1.5831398891815296E-27,8.642560684734056E-13,7.699378830962677E-13,Iris-setosa,0
2.2282730931888273E-20,1.688682548460299E-27,8.025234921538773E-13,7.699378830962677E-13,Iris-setosa,0
2.1808630273762993E-20,1.6359112188209138E-27,9.25988644792935E-13,7.699378830962677E-13,Iris-setosa,0
2.370503290626412E-20,1.8997678670178356E-27,8.642560684734056E-13,7.699378830962677E-13,Iris-setosa,0
2.5601435538765263E-20,2.0580818559359902E-27,1.0494537974319925E-12,1.5398757661925353E-12,Iris-setosa,0
2.1808630273762993E-20,1.794225207739067E-27,8.642560684734056E-13,1.1549068246444007E-12,Iris-setosa,0
2.370503290626412E-20,1.794225207739067E-27,9.25988644792935E-13,7.699378830962677E-13,Iris-setosa,0
2.0860428957512432E-20,1.530368559542146E-27,8.642560684734056E-13,7.699378830962677E-13,Iris-setosa,0
2.3230932248138825E-20,1.6359112188209138E-27,9.25988644792935E-13,3.8496894154813384E-13,Iris-setosa,0
2.5601435538765263E-20,1.9525391966572206E-27,9.25988644792935E-13,7.699378830962677E-13,Iris-setosa,0
2.275683159001357E-20,1.794225207739067E-27,9.87721221112463E-13,7.699378830962677E-13,Iris-setosa,0
2.275683159001357E-20,1.5831398891815296E-27,8.642560684734056E-13,3.8496894154813384E-13,Iris-setosa,0
2.0386328299387146E-20,1.5831398891815296E-27,6.790583395148187E-13,3.8496894154813384E-13,Iris-setosa,0
2.7497838171266375E-20,2.1108531855753735E-27,7.407909158343478E-13,7.699378830962677E-13,Iris-setosa,0
2.702373751314109E-20,2.321938504132912E-27,9.25988644792935E-13,1.5398757661925353E-12,Iris-setosa,0
2.5601435538765263E-20,2.0580818559359902E-27,8.025234921538773E-13,1.5398757661925353E-12,Iris-setosa,0
2.41791335643894E-20,1.8469965373784513E-27,8.642560684734056E-13,1.1549068246444007E-12,Iris-setosa,0
2.702373751314109E-20,2.0053105262966045E-27,1.0494537974319925E-12,1.1549068246444007E-12,Iris-setosa,0
2.41791335643894E-20,2.0053105262966045E-27,9.25988644792935E-13,1.1549068246444007E-12,Iris-setosa,0
2.5601435538765263E-20,1.794225207739067E-27,1.0494537974319925E-12,7.699378830962677E-13,Iris-setosa,0
2.41791335643894E-20,1.9525391966572206E-27,9.25988644792935E-13,1.5398757661925353E-12,Iris-setosa,0
2.1808630273762993E-20,1.8997678670178356E-27,6.173257631952898E-13,7.699378830962677E-13,Iris-setosa,0
2.41791335643894E-20,1.7414538780996827E-27,1.0494537974319925E-12,1.9248447077406693E-12,Iris-setosa,0
2.275683159001357E-20,1.794225207739067E-27,1.1729189500710505E-12,7.699378830962677E-13,Iris-setosa,0
2.370503290626412E-20,1.5831398891815296E-27,9.87721221112463E-13,7.699378830962677E-13,Iris-setosa,0
2.370503290626412E-20,1.794225207739067E-27,9.87721221112463E-13,1.5398757661925353E-12,Iris-setosa,0
2.4653234222514693E-20,1.8469965373784513E-27,9.25988644792935E-13,7.699378830962677E-13,Iris-setosa,0
2.4653234222514693E-20,1.794225207739067E-27,8.642560684734056E-13,7.699378830962677E-13,Iris-setosa,0
2.2282730931888273E-20,1.688682548460299E-27,9.87721221112463E-13,7.699378830962677E-13,Iris-setosa,0
2.275683159001357E-20,1.6359112188209138E-27,9.87721221112463E-13,7.699378830962677E-13,Iris-setosa,0
2.5601435538765263E-20,1.794225207739067E-27,9.25988644792935E-13,1.5398757661925353E-12,Iris-setosa,0
2.4653234222514693E-20,2.163624515214758E-27,9.25988644792935E-13,3.8496894154813384E-13,Iris-setosa,0
2.6075536196890537E-20,2.2163958448541428E-27,8.642560684734056E-13,7.699378830962677E-13,Iris-setosa,0
2.3230932248138825E-20,1.6359112188209138E-27,9.25988644792935E-13,3.8496894154813384E-13,Iris-setosa,0
2.370503290626412E-20,1.688682548460299E-27,7.407909158343478E-13,7.699378830962677E-13,Iris-setosa,0
2.6075536196890537E-20,1.8469965373784513E-27,8.025234921538773E-13,7.699378830962677E-13,Iris-setosa,0
2.3230932248138825E-20,1.6359112188209138E-27,9.25988644792935E-13,3.8496894154813384E-13,Iris-setosa,0
2.0860428957512432E-20,1.5831398891815296E-27,8.025234921538773E-13,7.699378830962677E-13,Iris-setosa,0
2.41791335643894E-20,1.794225207739067E-27,9.25988644792935E-13,7.699378830962677E-13,Iris-setosa,0
2.370503290626412E-20,1.8469965373784513E-27,8.025234921538773E-13,1.1549068246444007E-12,Iris-setosa,0
2.133452961563771E-20,1.2137405817058398E-27,8.025234921538773E-13,1.1549068246444007E-12,Iris-setosa,0
2.0860428957512432E-20,1.688682548460299E-27,8.025234921538773E-13,7.699378830962677E-13,Iris-setosa,0
2.370503290626412E-20,1.8469965373784513E-27,9.87721221112463E-13,2.3098136492888015E-12,Iris-setosa,0
2.41791335643894E-20,2.0053105262966045E-27,1.1729189500710505E-12,1.5398757661925353E-12,Iris-setosa,0
2.275683159001357E-20,1.5831398891815296E-27,8.642560684734056E-13,1.1549068246444007E-12,Iris-setosa,0
2.41791335643894E-20,2.0053105262966045E-27,9.87721221112463E-13,7.699378830962677E-13,Iris-setosa,0
2.1808630273762993E-20,1.688682548460299E-27,8.642560684734056E-13,7.699378830962677E-13,Iris-setosa,0
2.5127334880639964E-20,1.9525391966572206E-27,9.25988644792935E-13,7.699378830962677E-13,Iris-setosa,0
2.370503290626412E-20,1.7414538780996827E-27,8.642560684734056E-13,7.699378830962677E-13,Iris-setosa,0
2.9868341461892795E-20,1.7414538780996827E-27,3.70395457917174E-12,9.624223538703348E-12,Iris-virginica,1
3.3661146726895056E-20,1.5831398891815296E-27,3.6422220028522106E-12,8.084347772510808E-12,Iris-virginica,1
3.0816542778143374E-20,1.5831398891815296E-27,3.5804894265326808E-12,8.469316714058942E-12,Iris-virginica,1
3.6031650017521464E-20,1.5831398891815296E-27,4.074350037088912E-12,8.084347772510808E-12,Iris-virginica,1
3.413524738502033E-20,1.8997678670178356E-27,3.765687155491267E-12,9.624223538703348E-12,Iris-virginica,1
3.2238844752519185E-20,1.5831398891815296E-27,3.395291697574093E-12,8.084347772510808E-12,Iris-virginica,1
2.7497838171266375E-20,1.477597229902762E-27,3.1483613922959776E-12,9.239254597155206E-12,Iris-virginica,1
3.034244212001807E-20,1.688682548460299E-27,3.271826544935035E-12,8.854285655607077E-12,Iris-virginica,1
3.650575067564676E-20,2.0053105262966045E-27,4.136082613408441E-12,8.469316714058942E-12,Iris-virginica,1
3.650575067564676E-20,1.3720545706239928E-27,4.2595477660475E-12,8.854285655607077E-12,Iris-virginica,1
3.271294541064451E-20,1.688682548460299E-27,3.518756850213152E-12,8.854285655607077E-12,Iris-virginica,1
3.650575067564676E-20,1.477597229902762E-27,4.136082613408441E-12,7.699378830962677E-12,Iris-virginica,1
3.176474409439392E-20,1.7414538780996827E-27,3.518756850213152E-12,8.084347772510808E-12,Iris-virginica,1
3.034244212001807E-20,1.477597229902762E-27,3.4570242738936223E-12,8.084347772510808E-12,Iris-virginica,1
3.7453951991897317E-20,2.0053105262966045E-27,3.950884884449852E-12,7.699378830962677E-12,Iris-virginica,1
3.034244212001807E-20,1.477597229902762E-27,3.4570242738936223E-12,8.469316714058942E-12,Iris-virginica,1
3.650575067564676E-20,1.5831398891815296E-27,3.765687155491267E-12,8.854285655607077E-12,Iris-virginica,1
2.9868341461892795E-20,1.794225207739067E-27,3.4570242738936223E-12,9.239254597155206E-12,Iris-virginica,1
3.271294541064451E-20,1.6359112188209138E-27,3.3335591212545663E-12,8.084347772510808E-12,Iris-virginica,1
3.176474409439392E-20,1.6359112188209138E-27,3.4570242738936223E-12,9.239254597155206E-12,Iris-virginica,1
3.271294541064451E-20,1.6359112188209138E-27,3.1483613922959776E-12,8.854285655607077E-12,Iris-virginica,1
3.2238844752519185E-20,1.688682548460299E-27,3.6422220028522106E-12,8.854285655607077E-12,Iris-virginica,1
3.176474409439392E-20,1.7414538780996827E-27,3.518756850213152E-12,9.624223538703348E-12,Iris-virginica,1
3.176474409439392E-20,1.5831398891815296E-27,3.210093968615509E-12,8.854285655607077E-12,Iris-virginica,1
2.9394240803767527E-20,1.794225207739067E-27,3.3335591212545663E-12,8.854285655607077E-12,Iris-virginica,1
3.318704606876978E-20,1.688682548460299E-27,2.901431087017863E-12,5.38956518167387E-12,Iris-versicolor,2
3.034244212001807E-20,1.688682548460299E-27,2.7779659343788026E-12,5.774534123222004E-12,Iris-versicolor,2
3.271294541064451E-20,1.6359112188209138E-27,3.024896239656921E-12,5.774534123222004E-12,Iris-versicolor,2
2.6075536196890537E-20,1.2137405817058398E-27,2.469303052781159E-12,5.0045962401257376E-12,Iris-versicolor,2
3.0816542778143374E-20,1.477597229902762E-27,2.8396985106983332E-12,5.774534123222004E-12,Iris-versicolor,2
2.702373751314109E-20,1.477597229902762E-27,2.7779659343788026E-12,5.0045962401257376E-12,Iris-versicolor,2
2.9868341461892795E-20,1.7414538780996827E-27,2.901431087017863E-12,6.159503064770141E-12,Iris-versicolor,2
2.3230932248138825E-20,1.266511911345224E-27,2.037175018544456E-12,3.849689415481339E-12,Iris-versicolor,2
3.1290643436268654E-20,1.530368559542146E-27,2.8396985106983332E-12,5.0045962401257376E-12,Iris-versicolor,2
2.4653234222514693E-20,1.4248259002633775E-27,2.4075704764616296E-12,5.38956518167387E-12,Iris-versicolor,2
2.370503290626412E-20,1.0554265927876867E-27,2.1606401711835135E-12,3.849689415481339E-12,Iris-versicolor,2
2.797193882939167E-20,1.5831398891815296E-27,2.5927682054202163E-12,5.774534123222004E-12,Iris-versicolor,2
2.8446039487516936E-20,1.160969252066456E-27,2.469303052781159E-12,3.849689415481339E-12,Iris-versicolor,2
2.892014014564223E-20,1.530368559542146E-27,2.901431087017863E-12,5.38956518167387E-12,Iris-versicolor,2
2.654963685501582E-20,1.530368559542146E-27,2.2223727475030434E-12,5.0045962401257376E-12,Iris-versicolor,2
3.176474409439392E-20,1.6359112188209138E-27,2.7162333580592748E-12,5.38956518167387E-12,Iris-versicolor,2
2.654963685501582E-20,1.5831398891815296E-27,2.7779659343788026E-12,5.774534123222004E-12,Iris-versicolor,2
2.7497838171266375E-20,1.4248259002633775E-27,2.5310356291006877E-12,3.849689415481339E-12,Iris-versicolor,2
2.9394240803767527E-20,1.160969252066456E-27,2.7779659343788026E-12,5.774534123222004E-12,Iris-versicolor,2
2.654963685501582E-20,1.3192832409846087E-27,2.4075704764616296E-12,4.234658357029471E-12,Iris-versicolor,2
2.797193882939167E-20,1.688682548460299E-27,2.9631636633373913E-12,6.92944094786641E-12,Iris-versicolor,2
2.892014014564223E-20,1.477597229902762E-27,2.469303052781159E-12,5.0045962401257376E-12,Iris-versicolor,2
2.9868341461892795E-20,1.3192832409846087E-27,3.024896239656921E-12,5.774534123222004E-12,Iris-versicolor,2
2.892014014564223E-20,1.477597229902762E-27,2.901431087017863E-12,4.619627298577603E-12,Iris-versicolor,2
3.034244212001807E-20,1.530368559542146E-27,2.6545007817397457E-12,5.0045962401257376E-12,Iris-versicolor,2
3.1290643436268654E-20,1.5831398891815296E-27,2.7162333580592748E-12,5.38956518167387E-12,Iris-versicolor,2
3.2238844752519185E-20,1.477597229902762E-27,2.9631636633373913E-12,5.38956518167387E-12,Iris-versicolor,2
3.176474409439392E-20,1.5831398891815296E-27,3.0866288159764514E-12,6.5444720063182735E-12,Iris-versicolor,2
2.8446039487516936E-20,1.530368559542146E-27,2.7779659343788026E-12,5.774534123222004E-12,Iris-versicolor,2
2.702373751314109E-20,1.3720545706239928E-27,2.1606401711835135E-12,3.849689415481339E-12,Iris-versicolor,2
2.6075536196890537E-20,1.266511911345224E-27,2.345837900142101E-12,4.234658357029471E-12,Iris-versicolor,2
2.6075536196890537E-20,1.266511911345224E-27,2.2841053238225716E-12,3.849689415481339E-12,Iris-versicolor,2
2.7497838171266375E-20,1.4248259002633775E-27,2.4075704764616296E-12,4.619627298577603E-12,Iris-versicolor,2
2.8446039487516936E-20,1.4248259002633775E-27,3.1483613922959776E-12,6.159503064770141E-12,Iris-versicolor,2
2.5601435538765263E-20,1.5831398891815296E-27,2.7779659343788026E-12,5.774534123222004E-12,Iris-versicolor,2
2.8446039487516936E-20,1.794225207739067E-27,2.7779659343788026E-12,6.159503064770141E-12,Iris-versicolor,2
3.176474409439392E-20,1.6359112188209138E-27,2.901431087017863E-12,5.774534123222004E-12,Iris-versicolor,2
2.9868341461892795E-20,1.2137405817058398E-27,2.7162333580592748E-12,5.0045962401257376E-12,Iris-versicolor,2
2.654963685501582E-20,1.5831398891815296E-27,2.5310356291006877E-12,5.0045962401257376E-12,Iris-versicolor,2
2.6075536196890537E-20,1.3192832409846087E-27,2.469303052781159E-12,5.0045962401257376E-12,Iris-versicolor,2
2.6075536196890537E-20,1.3720545706239928E-27,2.7162333580592748E-12,4.619627298577603E-12,Iris-versicolor,2
2.892014014564223E-20,1.5831398891815296E-27,2.8396985106983332E-12,5.38956518167387E-12,Iris-versicolor,2
2.7497838171266375E-20,1.3720545706239928E-27,2.469303052781159E-12,4.619627298577603E-12,Iris-versicolor,2
2.370503290626412E-20,1.2137405817058398E-27,2.037175018544456E-12,3.849689415481339E-12,Iris-versicolor,2
2.654963685501582E-20,1.4248259002633775E-27,2.5927682054202163E-12,5.0045962401257376E-12,Iris-versicolor,2
2.702373751314109E-20,1.5831398891815296E-27,2.5927682054202163E-12,4.619627298577603E-12,Iris-versicolor,2
2.702373751314109E-20,1.530368559542146E-27,2.5927682054202163E-12,5.0045962401257376E-12,Iris-versicolor,2
2.9394240803767527E-20,1.530368559542146E-27,2.6545007817397457E-12,5.0045962401257376E-12,Iris-versicolor,2
2.41791335643894E-20,1.3192832409846087E-27,1.85197728958587E-12,4.234658357029471E-12,Iris-versicolor,2
2.702373751314109E-20,1.477597229902762E-27,2.5310356291006877E-12,5.0045962401257376E-12,Iris-versicolor,2
2.7497838171266375E-20,1.4248259002633775E-27,3.1483613922959776E-12,7.31440988941454E-12,Iris-virginica,2
2.9868341461892795E-20,1.530368559542146E-27,3.4570242738936223E-12,6.92944094786641E-12,Iris-virginica,2
2.3230932248138825E-20,1.3192832409846087E-27,2.7779659343788026E-12,6.5444720063182735E-12,Iris-virginica,2
3.4609348043145605E-20,1.530368559542146E-27,3.889152308130326E-12,6.92944094786641E-12,Iris-virginica,2
3.176474409439392E-20,1.3192832409846087E-27,3.5804894265326808E-12,6.92944094786641E-12,Iris-virginica,2
3.0816542778143374E-20,1.688682548460299E-27,3.1483613922959776E-12,7.699378830962677E-12,Iris-virginica,2
3.034244212001807E-20,1.4248259002633775E-27,3.271826544935035E-12,7.31440988941454E-12,Iris-virginica,2
2.702373751314109E-20,1.3192832409846087E-27,3.0866288159764514E-12,7.699378830962677E-12,Iris-virginica,2
3.0816542778143374E-20,1.5831398891815296E-27,3.395291697574093E-12,6.92944094786641E-12,Iris-virginica,2
2.8446039487516936E-20,1.160969252066456E-27,3.0866288159764514E-12,5.774534123222004E-12,Iris-virginica,2
2.654963685501582E-20,1.477597229902762E-27,3.024896239656921E-12,7.699378830962677E-12,Iris-virginica,2
2.9868341461892795E-20,1.4248259002633775E-27,3.024896239656921E-12,6.92944094786641E-12,Iris-virginica,2
3.413524738502033E-20,1.688682548460299E-27,3.70395457917174E-12,6.92944094786641E-12,Iris-virginica,2
2.9394240803767527E-20,1.477597229902762E-27,2.9631636633373913E-12,6.92944094786641E-12,Iris-virginica,2
2.892014014564223E-20,1.5831398891815296E-27,3.024896239656921E-12,6.92944094786641E-12,Iris-virginica,2
3.413524738502033E-20,1.5831398891815296E-27,3.5804894265326808E-12,6.159503064770141E-12,Iris-virginica,2
3.508344870127091E-20,1.477597229902762E-27,3.765687155491267E-12,7.31440988941454E-12,Iris-virginica,2
2.9868341461892795E-20,1.477597229902762E-27,3.1483613922959776E-12,5.774534123222004E-12,Iris-virginica,2
2.892014014564223E-20,1.3720545706239928E-27,3.4570242738936223E-12,5.38956518167387E-12,Iris-virginica,2
3.034244212001807E-20,1.6359112188209138E-27,3.395291697574093E-12,6.92944094786641E-12,Iris-virginica,2
2.8446039487516936E-20,1.5831398891815296E-27,2.9631636633373913E-12,6.92944094786641E-12,Iris-virginica,2
2.7497838171266375E-20,1.4248259002633775E-27,3.1483613922959776E-12,7.31440988941454E-12,Iris-virginica,2
2.9868341461892795E-20,1.3192832409846087E-27,3.0866288159764514E-12,7.31440988941454E-12,Iris-virginica,2
3.0816542778143374E-20,1.5831398891815296E-27,3.210093968615509E-12,7.699378830962677E-12,Iris-virginica,2
2.797193882939167E-20,1.5831398891815296E-27,3.1483613922959776E-12,6.92944094786641E-12,Iris-virginica,2
