0.7938751879995509,0.22647418031633457,0.5407008978872236,0.08116105084350533,Iris-setosa,0
0.7627428276858431,0.19412072598542962,0.5407008978872236,0.08116105084350533,Iris-setosa,0
0.7316104673721352,0.20706210771779163,0.5020794051809934,0.08116105084350533,Iris-setosa,0
0.7160442872152811,0.20059141685161064,0.5793223905934539,0.08116105084350533,Iris-setosa,0
0.778309007842697,0.23294487118251556,0.5407008978872236,0.08116105084350533,Iris-setosa,0
0.8405737284701128,0.2523569437810585,0.6565653760059144,0.16232210168701067,Iris-setosa,0
0.7160442872152811,0.22000348945015358,0.5407008978872236,0.121741576265258,Iris-setosa,0
0.778309007842697,0.22000348945015358,0.5793223905934539,0.08116105084350533,Iris-setosa,0
0.6849119269015734,0.18765003511924863,0.5407008978872236,0.08116105084350533,Iris-setosa,0
0.7627428276858431,0.20059141685161064,0.5793223905934539,0.04058052542175267,Iris-setosa,0
0.8405737284701128,0.23941556204869657,0.5793223905934539,0.08116105084350533,Iris-setosa,0
0.747176647528989,0.22000348945015358,0.6179438832996842,0.08116105084350533,Iris-setosa,0
0.747176647528989,0.19412072598542962,0.5407008978872236,0.04058052542175267,Iris-setosa,0
0.6693457467447194,0.19412072598542962,0.42483641976853287,0.04058052542175267,Iris-setosa,0
0.9028384490975285,0.2588276346472395,0.4634579124747631,0.08116105084350533,Iris-setosa,0
0.8872722689406746,0.28471039811196347,0.5793223905934539,0.16232210168701067,Iris-setosa,0
0.8405737284701128,0.2523569437810585,0.5020794051809934,0.16232210168701067,Iris-setosa,0
0.7938751879995509,0.22647418031633457,0.5407008978872236,0.121741576265258,Iris-setosa,0
0.8872722689406746,0.24588625291487753,0.6565653760059144,0.121741576265258,Iris-setosa,0
0.7938751879995509,0.24588625291487753,0.5793223905934539,0.121741576265258,Iris-setosa,0
0.8405737284701128,0.22000348945015358,0.6565653760059144,0.08116105084350533,Iris-setosa,0
0.7938751879995509,0.23941556204869657,0.5793223905934539,0.16232210168701067,Iris-setosa,0
0.7160442872152811,0.23294487118251556,0.3862149270623026,0.08116105084350533,Iris-setosa,0
0.7938751879995509,0.2135327985839726,0.6565653760059144,0.20290262710876333,Iris-setosa,0
0.747176647528989,0.22000348945015358,0.7338083614183749,0.08116105084350533,Iris-setosa,0
0.778309007842697,0.19412072598542962,0.6179438832996842,0.08116105084350533,Iris-setosa,0
0.778309007842697,0.22000348945015358,0.6179438832996842,0.16232210168701067,Iris-setosa,0
0.8094413681564049,0.22647418031633457,0.5793223905934539,0.08116105084350533,Iris-setosa,0
0.8094413681564049,0.22000348945015358,0.5407008978872236,0.08116105084350533,Iris-setosa,0
0.7316104673721352,0.20706210771779163,0.6179438832996842,0.08116105084350533,Iris-setosa,0
0.747176647528989,0.20059141685161064,0.6179438832996842,0.08116105084350533,Iris-setosa,0
0.8405737284701128,0.22000348945015358,0.5793223905934539,0.16232210168701067,Iris-setosa,0
0.8094413681564049,0.2652983255134205,0.5793223905934539,0.04058052542175267,Iris-setosa,0
0.8561399086269667,0.2717690163796015,0.5407008978872236,0.08116105084350533,Iris-setosa,0
0.7627428276858431,0.20059141685161064,0.5793223905934539,0.04058052542175267,Iris-setosa,0
0.778309007842697,0.20706210771779163,0.4634579124747631,0.08116105084350533,Iris-setosa,0
0.8561399086269667,0.22647418031633457,0.5020794051809934,0.08116105084350533,Iris-setosa,0
0.7627428276858431,0.20059141685161064,0.5793223905934539,0.04058052542175267,Iris-setosa,0
0.6849119269015734,0.19412072598542962,0.5020794051809934,0.08116105084350533,Iris-setosa,0
0.7938751879995509,0.22000348945015358,0.5793223905934539,0.08116105084350533,Iris-setosa,0
0.778309007842697,0.22647418031633457,0.5020794051809934,0.121741576265258,Iris-setosa,0
0.7004781070584273,0.1488258899221627,0.5020794051809934,0.121741576265258,Iris-setosa,0
0.6849119269015734,0.20706210771779163,0.5020794051809934,0.08116105084350533,Iris-setosa,0
0.778309007842697,0.22647418031633457,0.6179438832996842,0.243483152530516,Iris-setosa,0
0.7938751879995509,0.24588625291487753,0.7338083614183749,0.16232210168701067,Iris-setosa,0
0.747176647528989,0.19412072598542962,0.5407008978872236,0.121741576265258,Iris-setosa,0
0.7938751879995509,0.24588625291487753,0.6179438832996842,0.08116105084350533,Iris-setosa,0
0.7160442872152811,0.20706210771779163,0.5407008978872236,0.08116105084350533,Iris-setosa,0
0.8250075483132587,0.23941556204869657,0.5793223905934539,0.08116105084350533,Iris-setosa,0
0.778309007842697,0.2135327985839726,0.5407008978872236,0.08116105084350533,Iris-setosa,0
1.042934070509214,0.19412072598542962,1.931074635311513,0.6898689321697953,Iris-versicolor,1
0.9806693498817982,0.2135327985839726,2.3172895623738157,1.0145131355438166,Iris-virginica,1
0.9028384490975285,0.17470865338688668,1.9696961280177432,0.7710299830133006,Iris-virginica,1
1.1051987911366297,0.19412072598542962,2.2786680696675856,0.8521910338568061,Iris-virginica,1
0.9806693498817982,0.18765003511924863,2.1628035915488946,0.730449457591548,Iris-virginica,1
1.0118017101955061,0.19412072598542962,2.240046576961355,0.8927715592785588,Iris-virginica,1
1.1830296919208994,0.19412072598542962,2.549018518611197,0.8521910338568061,Iris-virginica,1
1.1363311514503376,0.18765003511924863,2.4331540404925063,0.730449457591548,Iris-virginica,1
1.042934070509214,0.1617672716545247,2.240046576961355,0.730449457591548,Iris-virginica,1
1.1207649712934837,0.23294487118251556,2.3559110550800457,1.0145131355438166,Iris-virginica,1
1.0118017101955061,0.20706210771779163,1.9696961280177432,0.8116105084350533,Iris-virginica,1
0.9962355300386522,0.17470865338688668,2.0469391134302035,0.7710299830133006,Iris-virginica,1
1.058500250666068,0.19412072598542962,2.124182098842664,0.8521910338568061,Iris-virginica,1
0.8872722689406746,0.1617672716545247,1.931074635311513,0.8116105084350533,Iris-virginica,1
0.9028384490975285,0.18117934425306764,1.9696961280177432,0.973932610122064,Iris-virginica,1
0.9962355300386522,0.20706210771779163,2.0469391134302035,0.9333520847003113,Iris-virginica,1
1.0118017101955061,0.19412072598542962,2.124182098842664,0.730449457591548,Iris-virginica,1
1.1985958720777534,0.24588625291487753,2.5876400113174274,0.8927715592785588,Iris-virginica,1
1.1985958720777534,0.1682379625207057,2.664882996729888,0.9333520847003113,Iris-virginica,1
1.074066430822922,0.20706210771779163,2.201425084255125,0.9333520847003113,Iris-virginica,1
1.1985958720777534,0.18117934425306764,2.5876400113174274,0.8116105084350533,Iris-virginica,1
1.042934070509214,0.2135327985839726,2.201425084255125,0.8521910338568061,Iris-virginica,1
1.1207649712934837,0.20706210771779163,2.3172895623738157,0.730449457591548,Iris-virginica,1
0.9962355300386522,0.18117934425306764,2.1628035915488946,0.8521910338568061,Iris-virginica,1
1.1207649712934837,0.19412072598542962,2.240046576961355,0.6492884067480427,Iris-virginica,1
1.1518973316071917,0.18117934425306764,2.3559110550800457,0.7710299830133006,Iris-virginica,1
1.2297282323914613,0.24588625291487753,2.4717755331987368,0.8116105084350533,Iris-virginica,1
0.9962355300386522,0.18117934425306764,2.1628035915488946,0.8927715592785588,Iris-virginica,1
0.9495369895680903,0.1682379625207057,2.1628035915488946,0.5681273559045373,Iris-virginica,1
1.1985958720777534,0.19412072598542962,2.3559110550800457,0.9333520847003113,Iris-virginica,1
0.9806693498817982,0.22000348945015358,2.1628035915488946,0.973932610122064,Iris-virginica,1
0.9962355300386522,0.20059141685161064,2.124182098842664,0.730449457591548,Iris-virginica,1
1.074066430822922,0.20059141685161064,2.085560606136434,0.8521910338568061,Iris-virginica,1
1.042934070509214,0.20059141685161064,2.1628035915488946,0.973932610122064,Iris-virginica,1
1.074066430822922,0.20059141685161064,1.9696961280177432,0.9333520847003113,Iris-virginica,1
0.9028384490975285,0.17470865338688668,1.9696961280177432,0.7710299830133006,Iris-virginica,1
1.058500250666068,0.20706210771779163,2.2786680696675856,0.9333520847003113,Iris-virginica,1
1.042934070509214,0.2135327985839726,2.201425084255125,1.0145131355438166,Iris-virginica,1
1.042934070509214,0.19412072598542962,2.0083176207239735,0.9333520847003113,Iris-virginica,1
0.9806693498817982,0.1617672716545247,1.931074635311513,0.7710299830133006,Iris-virginica,1
1.0118017101955061,0.19412072598542962,2.0083176207239735,0.8116105084350533,Iris-virginica,1
0.9651031697249443,0.22000348945015358,2.085560606136434,0.9333520847003113,Iris-virginica,1
0.9184046292543825,0.19412072598542962,1.9696961280177432,0.730449457591548,Iris-virginica,1
1.0896326109797758,0.20706210771779163,1.8152101571928223,0.5681273559045373,Iris-versicolor,2
0.9962355300386522,0.20706210771779163,1.7379671717803618,0.6087078813262901,Iris-versicolor,2
1.074066430822922,0.20059141685161064,1.8924531426052829,0.6087078813262901,Iris-versicolor,2
0.8561399086269667,0.1488258899221627,1.5448597082492104,0.5275468304827847,Iris-versicolor,2
1.0118017101955061,0.18117934425306764,1.7765886644865918,0.6087078813262901,Iris-versicolor,2
0.8872722689406746,0.18117934425306764,1.7379671717803618,0.5275468304827847,Iris-versicolor,2
0.9806693498817982,0.2135327985839726,1.8152101571928223,0.6492884067480427,Iris-versicolor,2
0.7627428276858431,0.1552965807883437,1.2745092593055984,0.40580525421752667,Iris-versicolor,2
1.02736789035236,0.18765003511924863,1.7765886644865918,0.5275468304827847,Iris-versicolor,2
0.8094413681564049,0.17470865338688668,1.50623821554298,0.5681273559045373,Iris-versicolor,2
0.778309007842697,0.12941381732361976,1.351752244718059,0.40580525421752667,Iris-versicolor,2
0.9184046292543825,0.19412072598542962,1.622102693661671,0.6087078813262901,Iris-versicolor,2
0.9339708094112364,0.14235519905598173,1.5448597082492104,0.40580525421752667,Iris-versicolor,2
0.9495369895680903,0.18765003511924863,1.8152101571928223,0.5681273559045373,Iris-versicolor,2
0.8717060887838206,0.18765003511924863,1.3903737374242893,0.5275468304827847,Iris-versicolor,2
1.042934070509214,0.20059141685161064,1.6993456790741315,0.5681273559045373,Iris-versicolor,2
0.8717060887838206,0.19412072598542962,1.7379671717803618,0.6087078813262901,Iris-versicolor,2
0.9028384490975285,0.17470865338688668,1.5834812009554404,0.40580525421752667,Iris-versicolor,2
0.9651031697249443,0.14235519905598173,1.7379671717803618,0.6087078813262901,Iris-versicolor,2
0.8717060887838206,0.1617672716545247,1.50623821554298,0.4463857796392794,Iris-versicolor,2
0.9184046292543825,0.20706210771779163,1.8538316498990524,0.730449457591548,Iris-versicolor,2
0.9495369895680903,0.18117934425306764,1.5448597082492104,0.5275468304827847,Iris-versicolor,2
0.9806693498817982,0.1617672716545247,1.8924531426052829,0.6087078813262901,Iris-versicolor,2
0.9495369895680903,0.18117934425306764,1.8152101571928223,0.486966305061032,Iris-versicolor,2
0.9962355300386522,0.18765003511924863,1.660724186367901,0.5275468304827847,Iris-versicolor,2
1.02736789035236,0.19412072598542962,1.6993456790741315,0.5681273559045373,Iris-versicolor,2
1.058500250666068,0.18117934425306764,1.8538316498990524,0.5681273559045373,Iris-versicolor,2
0.9339708094112364,0.18765003511924863,1.7379671717803618,0.6087078813262901,Iris-versicolor,2
0.8872722689406746,0.1682379625207057,1.351752244718059,0.40580525421752667,Iris-versicolor,2
0.8561399086269667,0.1552965807883437,1.4676167228367498,0.4463857796392794,Iris-versicolor,2
0.8561399086269667,0.1552965807883437,1.4289952301305198,0.40580525421752667,Iris-versicolor,2
0.9028384490975285,0.17470865338688668,1.50623821554298,0.486966305061032,Iris-versicolor,2
0.9339708094112364,0.17470865338688668,1.9696961280177432,0.6492884067480427,Iris-versicolor,2
0.8405737284701128,0.19412072598542962,1.7379671717803618,0.6087078813262901,Iris-versicolor,2
0.9339708094112364,0.22000348945015358,1.7379671717803618,0.6492884067480427,Iris-versicolor,2
1.042934070509214,0.20059141685161064,1.8152101571928223,0.6087078813262901,Iris-versicolor,2
0.9806693498817982,0.1488258899221627,1.6993456790741315,0.5275468304827847,Iris-versicolor,2
0.8717060887838206,0.19412072598542962,1.5834812009554404,0.5275468304827847,Iris-versicolor,2
0.8561399086269667,0.1617672716545247,1.5448597082492104,0.5275468304827847,Iris-versicolor,2
0.8561399086269667,0.1682379625207057,1.6993456790741315,0.486966305061032,Iris-versicolor,2
0.9495369895680903,0.19412072598542962,1.7765886644865918,0.5681273559045373,Iris-versicolor,2
0.9028384490975285,0.1682379625207057,1.5448597082492104,0.486966305061032,Iris-versicolor,2
0.778309007842697,0.1488258899221627,1.2745092593055984,0.40580525421752667,Iris-versicolor,2
0.8717060887838206,0.17470865338688668,1.622102693661671,0.5275468304827847,Iris-versicolor,2
0.8872722689406746,0.19412072598542962,1.622102693661671,0.486966305061032,Iris-versicolor,2
0.8872722689406746,0.18765003511924863,1.622102693661671,0.5275468304827847,Iris-versicolor,2
0.9651031697249443,0.18765003511924863,1.660724186367901,0.5275468304827847,Iris-versicolor,2
0.7938751879995509,0.1617672716545247,1.1586447811869078,0.4463857796392794,Iris-versicolor,2
0.8872722689406746,0.18117934425306764,1.5834812009554404,0.5275468304827847,Iris-versicolor,2
0.7627428276858431,0.1617672716545247,1.7379671717803618,0.6898689321697953,Iris-virginica,2
0.9339708094112364,0.14235519905598173,1.931074635311513,0.6087078813262901,Iris-virginica,2
0.8717060887838206,0.18117934425306764,1.8924531426052829,0.8116105084350533,Iris-virginica,2
0.9806693498817982,0.17470865338688668,1.8924531426052829,0.730449457591548,Iris-virginica,2
0.9651031697249443,0.18117934425306764,1.8538316498990524,0.730449457591548,Iris-virginica,2
0.9495369895680903,0.19412072598542962,1.8924531426052829,0.730449457591548,Iris-virginica,2
0.9806693498817982,0.18117934425306764,1.9696961280177432,0.6087078813262901,Iris-virginica,2
0.9339708094112364,0.19412072598542962,1.8538316498990524,0.730449457591548,Iris-virginica,2
