1.316128639821865E-6,8.993880259580363E-9,1.0057256626267073E-4,2.979499867480861E-5,Iris-setosa,0
1.2645157519857134E-6,7.709040222497452E-9,1.0057256626267073E-4,2.979499867480861E-5,Iris-setosa,0
1.212902864149562E-6,8.222976237330617E-9,9.338881152962285E-5,2.979499867480861E-5,Iris-setosa,0
1.1870964202314862E-6,7.966008229914035E-9,1.0775632099571864E-4,2.979499867480861E-5,Iris-setosa,0
1.2903221959037898E-6,9.250848266996945E-9,1.0057256626267073E-4,2.979499867480861E-5,Iris-setosa,0
1.393547971576093E-6,1.0021752289246693E-8,1.2212383046181447E-4,5.958999734961722E-5,Iris-setosa,0
1.1870964202314862E-6,8.736912252163779E-9,1.0057256626267073E-4,4.4692498012212894E-5,Iris-setosa,0
1.2903221959037898E-6,8.736912252163779E-9,1.0775632099571864E-4,2.979499867480861E-5,Iris-setosa,0
1.1354835323953348E-6,7.452072215080872E-9,1.0057256626267073E-4,2.979499867480861E-5,Iris-setosa,0
1.2645157519857134E-6,7.966008229914035E-9,1.0775632099571864E-4,1.4897499337404305E-5,Iris-setosa,0
1.393547971576093E-6,9.507816274413528E-9,1.0775632099571864E-4,2.979499867480861E-5,Iris-setosa,0
1.2387093080676383E-6,8.736912252163779E-9,1.1494007572876654E-4,2.979499867480861E-5,Iris-setosa,0
1.2387093080676383E-6,7.709040222497452E-9,1.0057256626267073E-4,1.4897499337404305E-5,Iris-setosa,0
1.109677088477259E-6,7.709040222497452E-9,7.902130206352702E-5,1.4897499337404305E-5,Iris-setosa,0
1.4967737472483958E-6,1.0278720296663272E-8,8.620505679657492E-5,2.979499867480861E-5,Iris-setosa,0
1.4709673033303198E-6,1.1306592326329603E-8,1.0775632099571864E-4,5.958999734961722E-5,Iris-setosa,0
1.393547971576093E-6,1.0021752289246693E-8,9.338881152962285E-5,5.958999734961722E-5,Iris-setosa,0
1.316128639821865E-6,8.993880259580363E-9,1.0057256626267073E-4,4.4692498012212894E-5,Iris-setosa,0
1.4709673033303198E-6,9.764784281830105E-9,1.2212383046181447E-4,4.4692498012212894E-5,Iris-setosa,0
1.316128639821865E-6,9.764784281830105E-9,1.0775632099571864E-4,4.4692498012212894E-5,Iris-setosa,0
1.393547971576093E-6,8.736912252163779E-9,1.2212383046181447E-4,2.979499867480861E-5,Iris-setosa,0
1.316128639821865E-6,9.507816274413528E-9,1.0775632099571864E-4,5.958999734961722E-5,Iris-setosa,0
1.1870964202314862E-6,9.250848266996945E-9,7.183754733047911E-5,2.979499867480861E-5,Iris-setosa,0
1.316128639821865E-6,8.479944244747198E-9,1.2212383046181447E-4,7.448749668702152E-5,Iris-setosa,0
1.2387093080676383E-6,8.736912252163779E-9,1.364913399279103E-4,2.979499867480861E-5,Iris-setosa,0
1.2903221959037898E-6,7.709040222497452E-9,1.1494007572876654E-4,2.979499867480861E-5,Iris-setosa,0
1.2903221959037898E-6,8.736912252163779E-9,1.1494007572876654E-4,5.958999734961722E-5,Iris-setosa,0
1.3419350837399412E-6,8.993880259580363E-9,1.0775632099571864E-4,2.979499867480861E-5,Iris-setosa,0
1.3419350837399412E-6,8.736912252163779E-9,1.0057256626267073E-4,2.979499867480861E-5,Iris-setosa,0
1.212902864149562E-6,8.222976237330617E-9,1.1494007572876654E-4,2.979499867480861E-5,Iris-setosa,0
1.2387093080676383E-6,7.966008229914035E-9,1.1494007572876654E-4,2.979499867480861E-5,Iris-setosa,0
1.393547971576093E-6,8.736912252163779E-9,1.0775632099571864E-4,5.958999734961722E-5,Iris-setosa,0
1.3419350837399412E-6,1.0535688304079854E-8,1.0775632099571864E-4,1.4897499337404305E-5,Iris-setosa,0
1.4193544154941682E-6,1.0792656311496436E-8,1.0057256626267073E-4,2.979499867480861E-5,Iris-setosa,0
1.2645157519857134E-6,7.966008229914035E-9,1.0775632099571864E-4,1.4897499337404305E-5,Iris-setosa,0
1.2903221959037898E-6,8.222976237330617E-9,8.620505679657492E-5,2.979499867480861E-5,Iris-setosa,0
1.4193544154941682E-6,8.993880259580363E-9,9.338881152962285E-5,2.979499867480861E-5,Iris-setosa,0
1.2645157519857134E-6,7.966008229914035E-9,1.0775632099571864E-4,1.4897499337404305E-5,Iris-setosa,0
1.1354835323953348E-6,7.709040222497452E-9,9.338881152962285E-5,2.979499867480861E-5,Iris-setosa,0
1.316128639821865E-6,8.736912252163779E-9,1.0775632099571864E-4,2.979499867480861E-5,Iris-setosa,0
1.2903221959037898E-6,8.993880259580363E-9,9.338881152962285E-5,4.4692498012212894E-5,Iris-setosa,0
1.1612899763134107E-6,5.910264170581382E-9,9.338881152962285E-5,4.4692498012212894E-5,Iris-setosa,0
1.1354835323953348E-6,8.222976237330617E-9,9.338881152962285E-5,2.979499867480861E-5,Iris-setosa,0
1.2903221959037898E-6,8.993880259580363E-9,1.1494007572876654E-4,8.938499602442579E-5,Iris-setosa,0
1.316128639821865E-6,9.764784281830105E-9,1.364913399279103E-4,5.958999734961722E-5,Iris-setosa,0
1.2387093080676383E-6,7.709040222497452E-9,1.0057256626267073E-4,4.4692498012212894E-5,Iris-setosa,0
1.316128639821865E-6,9.764784281830105E-9,1.1494007572876654E-4,2.979499867480861E-5,Iris-setosa,0
1.1870964202314862E-6,8.222976237330617E-9,1.0057256626267073E-4,2.979499867480861E-5,Iris-setosa,0
1.3677415276580167E-6,9.507816274413528E-9,1.0775632099571864E-4,2.979499867480861E-5,Iris-setosa,0
1.2903221959037898E-6,8.479944244747198E-9,1.0057256626267073E-4,2.979499867480861E-5,Iris-setosa,0
1.8064510742653053E-6,8.222976237330617E-9,3.376364724532517E-4,2.0856499072366018E-4,Iris-versicolor,1
1.6516124107568507E-6,8.222976237330617E-9,3.2326896298715593E-4,2.2346249006106455E-4,Iris-versicolor,1
1.78064463034723E-6,7.966008229914035E-9,3.520039819193476E-4,2.2346249006106455E-4,Iris-versicolor,1
1.6774188546749265E-6,7.19510420766429E-9,3.304527177202038E-4,2.2346249006106455E-4,Iris-versicolor,1
1.6258059668387746E-6,8.479944244747198E-9,3.376364724532517E-4,2.383599893984689E-4,Iris-versicolor,1
1.5741930790026231E-6,7.452072215080872E-9,3.376364724532517E-4,2.0856499072366018E-4,Iris-versicolor,1
1.4451608594122445E-6,7.709040222497452E-9,3.2326896298715593E-4,2.2346249006106455E-4,Iris-versicolor,1
1.599999522920699E-6,5.6532961631648015E-9,3.2326896298715593E-4,2.2346249006106455E-4,Iris-versicolor,1
1.5225801911664715E-6,8.222976237330617E-9,3.448202271862997E-4,2.681549880732775E-4,Iris-versicolor,1
1.6258059668387746E-6,6.424200185414545E-9,3.520039819193476E-4,2.2346249006106455E-4,Iris-versicolor,1
1.7548381864291532E-6,7.19510420766429E-9,3.448202271862997E-4,2.0856499072366018E-4,Iris-versicolor,1
1.729031742511078E-6,7.709040222497452E-9,3.591877366523956E-4,2.532574887358731E-4,Iris-versicolor,1
1.5483866350845472E-6,7.452072215080872E-9,3.2326896298715593E-4,2.2346249006106455E-4,Iris-versicolor,1
1.5483866350845472E-6,6.93813620024771E-9,3.663714913854433E-4,2.383599893984689E-4,Iris-versicolor,1
1.393547971576093E-6,7.709040222497452E-9,3.2326896298715593E-4,2.2346249006106455E-4,Iris-versicolor,1
1.5483866350845472E-6,8.736912252163779E-9,3.2326896298715593E-4,2.383599893984689E-4,Iris-versicolor,1
1.729031742511078E-6,7.966008229914035E-9,3.376364724532517E-4,2.2346249006106455E-4,Iris-versicolor,1
1.5741930790026231E-6,7.709040222497452E-9,3.304527177202038E-4,2.0856499072366018E-4,Iris-versicolor,1
1.6258059668387746E-6,8.479944244747198E-9,4.3102528398287457E-4,3.7243748343510763E-4,Iris-virginica,1
1.4967737472483958E-6,6.93813620024771E-9,3.663714913854433E-4,2.8305248741068175E-4,Iris-virginica,1
1.8322575181833814E-6,7.709040222497452E-9,4.238415292498268E-4,3.128474860854904E-4,Iris-virginica,1
1.6258059668387746E-6,7.452072215080872E-9,4.022902650506829E-4,2.681549880732775E-4,Iris-virginica,1
1.6774188546749265E-6,7.709040222497452E-9,4.1665777451677875E-4,3.277449854228947E-4,Iris-virginica,1
1.96128973777376E-6,7.709040222497452E-9,4.741278123811621E-4,3.128474860854904E-4,Iris-virginica,1
1.2645157519857134E-6,6.424200185414545E-9,3.2326896298715593E-4,2.532574887358731E-4,Iris-virginica,1
1.8838704060195322E-6,7.452072215080872E-9,4.525765481820184E-4,2.681549880732775E-4,Iris-virginica,1
1.729031742511078E-6,6.424200185414545E-9,4.1665777451677875E-4,2.681549880732775E-4,Iris-virginica,1
1.858063962101457E-6,9.250848266996945E-9,4.3820903871592235E-4,3.7243748343510763E-4,Iris-virginica,1
1.6774188546749265E-6,8.222976237330617E-9,3.663714913854433E-4,2.9794998674808606E-4,Iris-virginica,1
1.6516124107568507E-6,6.93813620024771E-9,3.807390008515392E-4,2.8305248741068175E-4,Iris-virginica,1
1.7548381864291532E-6,7.709040222497452E-9,3.9510651031763493E-4,3.128474860854904E-4,Iris-virginica,1
1.4709673033303198E-6,6.424200185414545E-9,3.591877366523956E-4,2.9794998674808606E-4,Iris-virginica,1
1.4967737472483958E-6,7.19510420766429E-9,3.663714913854433E-4,3.5753998409770315E-4,Iris-virginica,1
1.6516124107568507E-6,8.222976237330617E-9,3.807390008515392E-4,3.426424847602989E-4,Iris-virginica,1
1.6774188546749265E-6,7.709040222497452E-9,3.9510651031763493E-4,2.681549880732775E-4,Iris-virginica,1
1.9870961816918366E-6,9.764784281830105E-9,4.8131156711420987E-4,3.277449854228947E-4,Iris-virginica,1
1.9870961816918366E-6,6.681168192831127E-9,4.956790765803059E-4,3.426424847602989E-4,Iris-virginica,1
1.5483866350845472E-6,5.6532961631648015E-9,3.591877366523956E-4,2.2346249006106455E-4,Iris-virginica,1
1.78064463034723E-6,8.222976237330617E-9,4.094740197837308E-4,3.426424847602989E-4,Iris-virginica,1
1.4451608594122445E-6,7.19510420766429E-9,3.520039819193476E-4,2.9794998674808606E-4,Iris-virginica,1
1.9870961816918366E-6,7.19510420766429E-9,4.8131156711420987E-4,2.9794998674808606E-4,Iris-virginica,1
1.6258059668387746E-6,6.93813620024771E-9,3.520039819193476E-4,2.681549880732775E-4,Iris-virginica,1
1.729031742511078E-6,8.479944244747198E-9,4.094740197837308E-4,3.128474860854904E-4,Iris-virginica,1
1.858063962101457E-6,8.222976237330617E-9,4.3102528398287457E-4,2.681549880732775E-4,Iris-virginica,1
1.599999522920699E-6,7.19510420766429E-9,3.448202271862997E-4,2.681549880732775E-4,Iris-virginica,1
1.5741930790026231E-6,7.709040222497452E-9,3.520039819193476E-4,2.681549880732775E-4,Iris-virginica,1
1.6516124107568507E-6,7.19510420766429E-9,4.022902650506829E-4,3.128474860854904E-4,Iris-virginica,1
1.858063962101457E-6,7.709040222497452E-9,4.1665777451677875E-4,2.383599893984689E-4,Iris-virginica,1
1.9096768499376086E-6,7.19510420766429E-9,4.3820903871592235E-4,2.8305248741068175E-4,Iris-virginica,1
2.038709069527987E-6,9.764784281830105E-9,4.5976030291506616E-4,2.9794998674808606E-4,Iris-virginica,1
1.6516124107568507E-6,7.19510420766429E-9,4.022902650506829E-4,3.277449854228947E-4,Iris-virginica,1
1.6258059668387746E-6,7.19510420766429E-9,3.663714913854433E-4,2.2346249006106455E-4,Iris-virginica,1
1.5741930790026231E-6,6.681168192831127E-9,4.022902650506829E-4,2.0856499072366018E-4,Iris-virginica,1
1.9870961816918366E-6,7.709040222497452E-9,4.3820903871592235E-4,3.426424847602989E-4,Iris-virginica,1
1.6258059668387746E-6,8.736912252163779E-9,4.022902650506829E-4,3.5753998409770315E-4,Iris-virginica,1
1.6516124107568507E-6,7.966008229914035E-9,3.9510651031763493E-4,2.681549880732775E-4,Iris-virginica,1
1.5483866350845472E-6,7.709040222497452E-9,3.448202271862997E-4,2.681549880732775E-4,Iris-virginica,1
1.78064463034723E-6,7.966008229914035E-9,3.8792275558458716E-4,3.128474860854904E-4,Iris-virginica,1
1.729031742511078E-6,7.966008229914035E-9,4.022902650506829E-4,3.5753998409770315E-4,Iris-virginica,1
1.78064463034723E-6,7.966008229914035E-9,3.663714913854433E-4,3.426424847602989E-4,Iris-virginica,1
1.4967737472483958E-6,6.93813620024771E-9,3.663714913854433E-4,2.8305248741068175E-4,Iris-virginica,1
1.7548381864291532E-6,8.222976237330617E-9,4.238415292498268E-4,3.426424847602989E-4,Iris-virginica,1
1.729031742511078E-6,8.479944244747198E-9,4.094740197837308E-4,3.7243748343510763E-4,Iris-virginica,1
1.729031742511078E-6,7.709040222497452E-9,3.735552461184914E-4,3.426424847602989E-4,Iris-virginica,1
1.6258059668387746E-6,6.424200185414545E-9,3.591877366523956E-4,2.8305248741068175E-4,Iris-virginica,1
1.6774188546749265E-6,7.709040222497452E-9,3.735552461184914E-4,2.9794998674808606E-4,Iris-virginica,1
1.599999522920699E-6,8.736912252163779E-9,3.8792275558458716E-4,3.426424847602989E-4,Iris-virginica,1
1.5225801911664715E-6,7.709040222497452E-9,3.663714913854433E-4,2.681549880732775E-4,Iris-virginica,1
1.4193544154941682E-6,5.910264170581382E-9,2.8735018932191645E-4,1.9366749138625592E-4,Iris-versicolor,2
1.4709673033303198E-6,7.19510420766429E-9,3.2326896298715593E-4,1.9366749138625592E-4,Iris-versicolor,2
1.2645157519857134E-6,6.167232177997964E-9,2.3706390619058105E-4,1.4897499337404303E-4,Iris-versicolor,2
1.7032252985930026E-6,7.452072215080872E-9,3.304527177202038E-4,1.9366749138625592E-4,Iris-versicolor,2
1.3419350837399412E-6,6.93813620024771E-9,2.8016643458886846E-4,2.0856499072366018E-4,Iris-versicolor,2
1.2903221959037898E-6,5.139360148331636E-9,2.514314156566768E-4,1.4897499337404303E-4,Iris-versicolor,2
1.5225801911664715E-6,7.709040222497452E-9,3.0171769878801217E-4,2.2346249006106455E-4,Iris-versicolor,2
1.5483866350845472E-6,5.6532961631648015E-9,2.8735018932191645E-4,1.4897499337404303E-4,Iris-versicolor,2
1.4451608594122445E-6,7.452072215080872E-9,2.586151703897248E-4,1.9366749138625592E-4,Iris-versicolor,2
1.729031742511078E-6,7.966008229914035E-9,3.160852082541081E-4,2.0856499072366018E-4,Iris-versicolor,2
1.4967737472483958E-6,6.93813620024771E-9,2.945339440549643E-4,1.4897499337404303E-4,Iris-versicolor,2
1.4451608594122445E-6,6.424200185414545E-9,2.8016643458886846E-4,1.6387249271144734E-4,Iris-versicolor,2
1.5741930790026231E-6,7.19510420766429E-9,2.8735018932191645E-4,1.9366749138625592E-4,Iris-versicolor,2
1.5741930790026231E-6,7.19510420766429E-9,3.376364724532517E-4,1.7876999204885158E-4,Iris-versicolor,2
1.6516124107568507E-6,7.452072215080872E-9,3.0890145352106005E-4,1.9366749138625592E-4,Iris-versicolor,2
1.7032252985930026E-6,7.709040222497452E-9,3.160852082541081E-4,2.0856499072366018E-4,Iris-versicolor,2
1.4709673033303198E-6,6.681168192831127E-9,2.514314156566768E-4,1.4897499337404303E-4,Iris-versicolor,2
1.4193544154941682E-6,6.167232177997964E-9,2.729826798558206E-4,1.6387249271144734E-4,Iris-versicolor,2
1.4193544154941682E-6,6.167232177997964E-9,2.6579892512277264E-4,1.4897499337404303E-4,Iris-versicolor,2
1.4967737472483958E-6,6.93813620024771E-9,2.8016643458886846E-4,1.7876999204885158E-4,Iris-versicolor,2
1.6258059668387746E-6,5.910264170581382E-9,3.160852082541081E-4,1.9366749138625592E-4,Iris-versicolor,2
1.4451608594122445E-6,7.709040222497452E-9,2.945339440549643E-4,1.9366749138625592E-4,Iris-versicolor,2
1.4193544154941682E-6,6.424200185414545E-9,2.8735018932191645E-4,1.9366749138625592E-4,Iris-versicolor,2
1.4193544154941682E-6,6.681168192831127E-9,3.160852082541081E-4,1.7876999204885158E-4,Iris-versicolor,2
1.4967737472483958E-6,6.681168192831127E-9,2.8735018932191645E-4,1.7876999204885158E-4,Iris-versicolor,2
1.2903221959037898E-6,5.910264170581382E-9,2.3706390619058105E-4,1.4897499337404303E-4,Iris-versicolor,2
1.4451608594122445E-6,6.93813620024771E-9,3.0171769878801217E-4,1.9366749138625592E-4,Iris-versicolor,2
1.4709673033303198E-6,7.709040222497452E-9,3.0171769878801217E-4,1.7876999204885158E-4,Iris-versicolor,2
1.4709673033303198E-6,7.452072215080872E-9,3.0171769878801217E-4,1.9366749138625592E-4,Iris-versicolor,2
1.599999522920699E-6,7.452072215080872E-9,3.0890145352106005E-4,1.9366749138625592E-4,Iris-versicolor,2
1.316128639821865E-6,6.424200185414545E-9,2.1551264199143729E-4,1.6387249271144734E-4,Iris-versicolor,2
1.4709673033303198E-6,7.19510420766429E-9,2.945339440549643E-4,1.9366749138625592E-4,Iris-versicolor,2
