0.22222222222222227,0.6249999999999999,0.06779661016949151,0.04166666666666663,Iris-setosa,0
0.1666666666666669,0.41666666666666663,0.06779661016949151,0.04166666666666663,Iris-setosa,0
0.11111111111111133,0.5,0.05084745762711862,0.04166666666666663,Iris-setosa,0
0.08333333333333337,0.4583333333333333,0.0847457627118644,0.04166666666666663,Iris-setosa,0
0.1944444444444446,0.6666666666666666,0.06779661016949151,0.04166666666666663,Iris-setosa,0
0.08333333333333337,0.5833333333333333,0.06779661016949151,0.08333333333333331,Iris-setosa,0
0.1944444444444446,0.5833333333333333,0.0847457627118644,0.04166666666666663,Iris-setosa,0
0.027777777777778068,0.3749999999999999,0.06779661016949151,0.04166666666666663,Iris-setosa,0
0.1666666666666669,0.4583333333333333,0.0847457627118644,0.0,Iris-setosa,0
0.138888888888889,0.5833333333333333,0.1016949152542373,0.04166666666666663,Iris-setosa,0
0.138888888888889,0.41666666666666663,0.06779661016949151,0.0,Iris-setosa,0
1.1102230246251565E-16,0.41666666666666663,0.01694915254237289,0.0,Iris-setosa,0
0.22222222222222227,0.6249999999999999,0.06779661016949151,0.08333333333333331,Iris-setosa,0
0.3055555555555558,0.5833333333333333,0.11864406779661019,0.04166666666666663,Iris-setosa,0
0.08333333333333337,0.6666666666666666,0.0,0.04166666666666663,Iris-setosa,0
0.22222222222222227,0.5416666666666665,0.11864406779661019,0.16666666666666663,Iris-setosa,0
0.138888888888889,0.5833333333333333,0.15254237288135591,0.04166666666666663,Iris-setosa,0
0.1944444444444446,0.41666666666666663,0.1016949152542373,0.04166666666666663,Iris-setosa,0
0.1944444444444446,0.5833333333333333,0.1016949152542373,0.125,Iris-setosa,0
0.2500000000000002,0.6249999999999999,0.0847457627118644,0.04166666666666663,Iris-setosa,0
0.2500000000000002,0.5833333333333333,0.06779661016949151,0.04166666666666663,Iris-setosa,0
0.11111111111111133,0.5,0.1016949152542373,0.04166666666666663,Iris-setosa,0
0.138888888888889,0.4583333333333333,0.1016949152542373,0.04166666666666663,Iris-setosa,0
0.3055555555555558,0.5833333333333333,0.0847457627118644,0.125,Iris-setosa,0
0.1666666666666669,0.4583333333333333,0.0847457627118644,0.0,Iris-setosa,0
0.1944444444444446,0.5,0.03389830508474578,0.04166666666666663,Iris-setosa,0
0.1666666666666669,0.4583333333333333,0.0847457627118644,0.0,Iris-setosa,0
0.027777777777778068,0.41666666666666663,0.05084745762711862,0.04166666666666663,Iris-setosa,0
0.22222222222222227,0.5833333333333333,0.0847457627118644,0.04166666666666663,Iris-setosa,0
0.1944444444444446,0.6249999999999999,0.05084745762711862,0.08333333333333331,Iris-setosa,0
0.05555555555555575,0.12499999999999989,0.05084745762711862,0.08333333333333331,Iris-setosa,0
0.027777777777778068,0.5,0.05084745762711862,0.04166666666666663,Iris-setosa,0
0.1944444444444446,0.6249999999999999,0.1016949152542373,0.20833333333333331,Iris-setosa,0
0.138888888888889,0.41666666666666663,0.06779661016949151,0.08333333333333331,Iris-setosa,0
0.08333333333333337,0.5,0.06779661016949151,0.04166666666666663,Iris-setosa,0
0.1944444444444446,0.5416666666666665,0.06779661016949151,0.04166666666666663,Iris-setosa,0
0.5555555555555556,0.5416666666666665,0.847457627118644,1.0,Iris-virginica,1
0.7777777777777777,0.41666666666666663,0.8305084745762712,0.8333333333333334,Iris-virginica,1
0.6111111111111112,0.41666666666666663,0.8135593220338982,0.875,Iris-virginica,1
0.9166666666666666,0.41666666666666663,0.9491525423728813,0.8333333333333334,Iris-virginica,1
0.8333333333333333,0.3749999999999999,0.8983050847457626,0.7083333333333334,Iris-virginica,1
0.8055555555555556,0.6666666666666666,0.8644067796610169,1.0,Iris-virginica,1
0.6944444444444444,0.41666666666666663,0.7627118644067796,0.8333333333333334,Iris-virginica,1
0.5833333333333335,0.5,0.7288135593220338,0.9166666666666665,Iris-virginica,1
0.9444444444444445,0.7499999999999998,0.9661016949152542,0.875,Iris-virginica,1
0.9444444444444445,0.25,1.0,0.9166666666666665,Iris-virginica,1
0.7222222222222223,0.5,0.7966101694915254,0.9166666666666665,Iris-virginica,1
0.9444444444444445,0.3333333333333332,0.9661016949152542,0.7916666666666667,Iris-virginica,1
0.6666666666666667,0.5416666666666665,0.7966101694915254,0.8333333333333334,Iris-virginica,1
0.8055555555555556,0.5,0.847457627118644,0.7083333333333334,Iris-virginica,1
0.8055555555555556,0.41666666666666663,0.8135593220338982,0.625,Iris-virginica,1
0.8611111111111113,0.3333333333333332,0.8644067796610169,0.75,Iris-virginica,1
1.0,0.7499999999999998,0.9152542372881356,0.7916666666666667,Iris-virginica,1
0.5833333333333335,0.3333333333333332,0.7796610169491525,0.875,Iris-virginica,1
0.9444444444444445,0.41666666666666663,0.8644067796610169,0.9166666666666665,Iris-virginica,1
0.5555555555555556,0.5833333333333333,0.7796610169491525,0.9583333333333333,Iris-virginica,1
0.7222222222222223,0.4583333333333333,0.7457627118644068,0.8333333333333334,Iris-virginica,1
0.6666666666666667,0.4583333333333333,0.7796610169491525,0.9583333333333333,Iris-virginica,1
0.7222222222222223,0.4583333333333333,0.6949152542372881,0.9166666666666665,Iris-virginica,1
0.6944444444444444,0.5,0.8305084745762712,0.9166666666666665,Iris-virginica,1
0.6666666666666667,0.5416666666666665,0.7966101694915254,1.0,Iris-virginica,1
0.6666666666666667,0.41666666666666663,0.711864406779661,0.9166666666666665,Iris-virginica,1
0.5277777777777779,0.5833333333333333,0.7457627118644068,0.9166666666666665,Iris-virginica,1
0.3055555555555558,0.7916666666666665,0.11864406779661019,0.125,Iris-setosa,2
0.3055555555555558,0.7083333333333333,0.0847457627118644,0.04166666666666663,Iris-setosa,2
0.41666666666666674,0.8333333333333333,0.03389830508474578,0.04166666666666663,Iris-setosa,2
0.38888888888888906,1.0,0.0847457627118644,0.125,Iris-setosa,2
0.3055555555555558,0.7916666666666665,0.05084745762711862,0.125,Iris-setosa,2
0.38888888888888906,0.7499999999999998,0.11864406779661019,0.08333333333333331,Iris-setosa,2
0.22222222222222227,0.7499999999999998,0.0847457627118644,0.08333333333333331,Iris-setosa,2
0.22222222222222227,0.7083333333333333,0.0847457627118644,0.125,Iris-setosa,2
0.2500000000000002,0.8749999999999998,0.0847457627118644,0.0,Iris-setosa,2
0.3333333333333335,0.9166666666666666,0.06779661016949151,0.04166666666666663,Iris-setosa,2
0.3333333333333335,0.6249999999999999,0.05084745762711862,0.04166666666666663,Iris-setosa,2
0.22222222222222227,0.7499999999999998,0.15254237288135591,0.125,Iris-setosa,2
0.22222222222222227,0.7499999999999998,0.1016949152542373,0.04166666666666663,Iris-setosa,2
0.2777777777777779,0.7083333333333333,0.0847457627118644,0.04166666666666663,Iris-setosa,2
0.3333333333333335,0.12499999999999989,0.5084745762711864,0.5,Iris-versicolor,3
0.38888888888888906,0.3333333333333332,0.5932203389830508,0.5,Iris-versicolor,3
0.1666666666666669,0.16666666666666663,0.38983050847457623,0.375,Iris-versicolor,3
0.2500000000000002,0.2916666666666667,0.4915254237288135,0.5416666666666666,Iris-versicolor,3
0.1944444444444446,0.0,0.423728813559322,0.375,Iris-versicolor,3
0.4722222222222223,0.08333333333333337,0.5084745762711864,0.375,Iris-versicolor,3
0.36111111111111116,0.3749999999999999,0.4406779661016949,0.5,Iris-versicolor,3
0.41666666666666674,0.2916666666666667,0.5254237288135593,0.375,Iris-versicolor,3
0.5277777777777779,0.08333333333333337,0.5932203389830508,0.5833333333333333,Iris-versicolor,3
0.36111111111111116,0.20833333333333331,0.4915254237288135,0.4166666666666667,Iris-versicolor,3
0.5,0.3333333333333332,0.5084745762711864,0.5,Iris-versicolor,3
0.5,0.3333333333333332,0.6271186440677966,0.4583333333333333,Iris-versicolor,3
0.38888888888888906,0.25,0.423728813559322,0.375,Iris-versicolor,3
0.3333333333333335,0.16666666666666663,0.47457627118644063,0.4166666666666667,Iris-versicolor,3
0.3333333333333335,0.16666666666666663,0.4576271186440678,0.375,Iris-versicolor,3
0.41666666666666674,0.2916666666666667,0.4915254237288135,0.4583333333333333,Iris-versicolor,3
0.3055555555555558,0.41666666666666663,0.5932203389830508,0.5833333333333333,Iris-versicolor,3
0.5555555555555556,0.12499999999999989,0.576271186440678,0.5,Iris-versicolor,3
0.36111111111111116,0.41666666666666663,0.5254237288135593,0.5,Iris-versicolor,3
0.3333333333333335,0.20833333333333331,0.5084745762711864,0.5,Iris-versicolor,3
0.3333333333333335,0.25,0.576271186440678,0.4583333333333333,Iris-versicolor,3
0.41666666666666674,0.25,0.5084745762711864,0.4583333333333333,Iris-versicolor,3
0.1944444444444446,0.12499999999999989,0.38983050847457623,0.375,Iris-versicolor,3
0.36111111111111116,0.2916666666666667,0.5423728813559322,0.5,Iris-versicolor,3
0.38888888888888906,0.41666666666666663,0.5423728813559322,0.4583333333333333,Iris-versicolor,3
0.38888888888888906,0.3749999999999999,0.5423728813559322,0.5,Iris-versicolor,3
0.22222222222222227,0.20833333333333331,0.3389830508474576,0.4166666666666667,Iris-versicolor,3
0.38888888888888906,0.3333333333333332,0.5254237288135593,0.5,Iris-versicolor,3
0.1666666666666669,0.20833333333333331,0.5932203389830508,0.6666666666666666,Iris-virginica,3
0.4722222222222223,0.08333333333333337,0.6779661016949152,0.5833333333333333,Iris-virginica,3
0.75,0.5,0.6271186440677966,0.5416666666666666,Iris-versicolor,4
0.5833333333333335,0.5,0.5932203389830508,0.5833333333333333,Iris-versicolor,4
0.7222222222222223,0.4583333333333333,0.6610169491525424,0.5833333333333333,Iris-versicolor,4
0.6111111111111112,0.3333333333333332,0.6101694915254237,0.5833333333333333,Iris-versicolor,4
0.5555555555555556,0.5416666666666665,0.6271186440677966,0.625,Iris-versicolor,4
0.6388888888888888,0.3749999999999999,0.6101694915254237,0.5,Iris-versicolor,4
0.44444444444444464,0.41666666666666663,0.5423728813559322,0.5833333333333333,Iris-versicolor,4
0.5,0.3749999999999999,0.6271186440677966,0.5416666666666666,Iris-versicolor,4
0.6666666666666667,0.4583333333333333,0.576271186440678,0.5416666666666666,Iris-versicolor,4
0.36111111111111116,0.41666666666666663,0.5932203389830508,0.5833333333333333,Iris-versicolor,4
0.44444444444444464,0.5,0.6440677966101694,0.7083333333333334,Iris-versicolor,4
0.5555555555555556,0.20833333333333331,0.6610169491525424,0.5833333333333333,Iris-versicolor,4
0.5833333333333335,0.3749999999999999,0.559322033898305,0.5,Iris-versicolor,4
0.6388888888888888,0.41666666666666663,0.576271186440678,0.5416666666666666,Iris-versicolor,4
0.6944444444444444,0.3333333333333332,0.6440677966101694,0.5416666666666666,Iris-versicolor,4
0.6666666666666667,0.41666666666666663,0.6779661016949152,0.6666666666666666,Iris-versicolor,4
0.4722222222222223,0.3749999999999999,0.5932203389830508,0.5833333333333333,Iris-versicolor,4
0.4722222222222223,0.2916666666666667,0.6949152542372881,0.625,Iris-versicolor,4
0.4722222222222223,0.5833333333333333,0.5932203389830508,0.625,Iris-versicolor,4
0.6666666666666667,0.4583333333333333,0.6271186440677966,0.5833333333333333,Iris-versicolor,4
0.5,0.41666666666666663,0.6101694915254237,0.5416666666666666,Iris-versicolor,4
0.5277777777777779,0.3749999999999999,0.559322033898305,0.5,Iris-versicolor,4
0.41666666666666674,0.2916666666666667,0.6949152542372881,0.75,Iris-virginica,4
0.5555555555555556,0.3749999999999999,0.7796610169491525,0.7083333333333334,Iris-virginica,4
0.6666666666666667,0.20833333333333331,0.8135593220338982,0.7083333333333334,Iris-virginica,4
0.6111111111111112,0.5,0.6949152542372881,0.7916666666666667,Iris-virginica,4
0.5833333333333335,0.2916666666666667,0.7288135593220338,0.75,Iris-virginica,4
0.38888888888888906,0.20833333333333331,0.6779661016949152,0.7916666666666667,Iris-virginica,4
0.41666666666666674,0.3333333333333332,0.6949152542372881,0.9583333333333333,Iris-virginica,4
0.6111111111111112,0.41666666666666663,0.7627118644067796,0.7083333333333334,Iris-virginica,4
0.36111111111111116,0.3333333333333332,0.6610169491525424,0.7916666666666667,Iris-virginica,4
0.5555555555555556,0.2916666666666667,0.6610169491525424,0.7083333333333334,Iris-virginica,4
0.5277777777777779,0.3333333333333332,0.6440677966101694,0.7083333333333334,Iris-virginica,4
0.5,0.41666666666666663,0.6610169491525424,0.7083333333333334,Iris-virginica,4
0.5833333333333335,0.3333333333333332,0.7796610169491525,0.8333333333333334,Iris-virginica,4
0.5555555555555556,0.3333333333333332,0.6949152542372881,0.5833333333333333,Iris-virginica,4
0.5,0.25,0.7796610169491525,0.5416666666666666,Iris-virginica,4
0.5833333333333335,0.4583333333333333,0.7627118644067796,0.7083333333333334,Iris-virginica,4
0.4722222222222223,0.41666666666666663,0.6440677966101694,0.7083333333333334,Iris-virginica,4
0.41666666666666674,0.2916666666666667,0.6949152542372881,0.75,Iris-virginica,4
0.5555555555555556,0.20833333333333331,0.6779661016949152,0.75,Iris-virginica,4
0.6111111111111112,0.41666666666666663,0.711864406779661,0.7916666666666667,Iris-virginica,4
0.44444444444444464,0.41666666666666663,0.6949152542372881,0.7083333333333334,Iris-virginica,4
