2.02275318958959E-31,4.654228339252173E-43,8.4734900784291335E-19,1.4445693247548649E-18,Iris-setosa,0
1.943429535095879E-31,3.9893385765018614E-43,8.4734900784291335E-19,1.4445693247548649E-18,Iris-setosa,0
1.8641058806021707E-31,4.2552944816019896E-43,7.868240787112775E-19,1.4445693247548649E-18,Iris-setosa,0
1.8244440533553163E-31,4.122316529051924E-43,9.078739369745502E-19,1.4445693247548649E-18,Iris-setosa,0
1.9830913623427352E-31,4.787206291802235E-43,8.4734900784291335E-19,1.4445693247548649E-18,Iris-setosa,0
2.141738671330155E-31,5.186140149452427E-43,1.0289237952378233E-18,2.8891386495097297E-18,Iris-setosa,0
1.8244440533553163E-31,4.521250386702111E-43,8.4734900784291335E-19,2.1668539871322963E-18,Iris-setosa,0
1.9830913623427352E-31,4.521250386702111E-43,9.078739369745502E-19,1.4445693247548649E-18,Iris-setosa,0
1.7451203988616073E-31,3.856360623951802E-43,8.4734900784291335E-19,1.4445693247548649E-18,Iris-setosa,0
1.943429535095879E-31,4.122316529051924E-43,9.078739369745502E-19,7.222846623774324E-19,Iris-setosa,0
2.141738671330155E-31,4.9201842443523E-43,9.078739369745502E-19,1.4445693247548649E-18,Iris-setosa,0
1.9037677078490266E-31,4.521250386702111E-43,9.683988661061859E-19,1.4445693247548649E-18,Iris-setosa,0
1.9037677078490266E-31,3.9893385765018614E-43,8.4734900784291335E-19,7.222846623774324E-19,Iris-setosa,0
1.705458571614752E-31,3.9893385765018614E-43,6.657742204480034E-19,7.222846623774324E-19,Iris-setosa,0
2.300385980317572E-31,5.319118102002485E-43,7.262991495796402E-19,1.4445693247548649E-18,Iris-setosa,0
2.260724153070718E-31,5.851029912202738E-43,9.078739369745502E-19,2.8891386495097297E-18,Iris-setosa,0
2.141738671330155E-31,5.186140149452427E-43,7.868240787112775E-19,2.8891386495097297E-18,Iris-setosa,0
2.02275318958959E-31,4.654228339252173E-43,8.4734900784291335E-19,2.1668539871322963E-18,Iris-setosa,0
2.260724153070718E-31,5.053162196902361E-43,1.0289237952378233E-18,2.1668539871322963E-18,Iris-setosa,0
2.02275318958959E-31,5.053162196902361E-43,9.078739369745502E-19,2.1668539871322963E-18,Iris-setosa,0
2.141738671330155E-31,4.521250386702111E-43,1.0289237952378233E-18,1.4445693247548649E-18,Iris-setosa,0
2.02275318958959E-31,4.9201842443523E-43,9.078739369745502E-19,2.8891386495097297E-18,Iris-setosa,0
1.8244440533553163E-31,4.787206291802235E-43,6.052492913163669E-19,1.4445693247548649E-18,Iris-setosa,0
2.02275318958959E-31,4.388272434152048E-43,1.0289237952378233E-18,3.611423311887163E-18,Iris-setosa,0
1.9037677078490266E-31,4.521250386702111E-43,1.149973653501096E-18,1.4445693247548649E-18,Iris-setosa,0
1.9830913623427352E-31,3.9893385765018614E-43,9.683988661061859E-19,1.4445693247548649E-18,Iris-setosa,0
1.9830913623427352E-31,4.521250386702111E-43,9.683988661061859E-19,2.8891386495097297E-18,Iris-setosa,0
2.062415016836445E-31,4.654228339252173E-43,9.078739369745502E-19,1.4445693247548649E-18,Iris-setosa,0
2.062415016836445E-31,4.521250386702111E-43,8.4734900784291335E-19,1.4445693247548649E-18,Iris-setosa,0
1.8641058806021707E-31,4.2552944816019896E-43,9.683988661061859E-19,1.4445693247548649E-18,Iris-setosa,0
1.9037677078490266E-31,4.122316529051924E-43,9.683988661061859E-19,1.4445693247548649E-18,Iris-setosa,0
2.141738671330155E-31,4.521250386702111E-43,9.078739369745502E-19,2.8891386495097297E-18,Iris-setosa,0
2.062415016836445E-31,5.452096054552549E-43,9.078739369745502E-19,7.222846623774324E-19,Iris-setosa,0
2.1814004985770087E-31,5.585074007102611E-43,8.4734900784291335E-19,1.4445693247548649E-18,Iris-setosa,0
1.943429535095879E-31,4.122316529051924E-43,9.078739369745502E-19,7.222846623774324E-19,Iris-setosa,0
1.9830913623427352E-31,4.2552944816019896E-43,7.262991495796402E-19,1.4445693247548649E-18,Iris-setosa,0
2.1814004985770087E-31,4.654228339252173E-43,7.868240787112775E-19,1.4445693247548649E-18,Iris-setosa,0
1.943429535095879E-31,4.122316529051924E-43,9.078739369745502E-19,7.222846623774324E-19,Iris-setosa,0
1.7451203988616073E-31,3.9893385765018614E-43,7.868240787112775E-19,1.4445693247548649E-18,Iris-setosa,0
2.02275318958959E-31,4.521250386702111E-43,9.078739369745502E-19,1.4445693247548649E-18,Iris-setosa,0
1.9830913623427352E-31,4.654228339252173E-43,7.868240787112775E-19,2.1668539871322963E-18,Iris-setosa,0
1.784782226108461E-31,3.058492908651429E-43,7.868240787112775E-19,2.1668539871322963E-18,Iris-setosa,0
1.7451203988616073E-31,4.2552944816019896E-43,7.868240787112775E-19,1.4445693247548649E-18,Iris-setosa,0
1.9830913623427352E-31,4.654228339252173E-43,9.683988661061859E-19,4.333707974264593E-18,Iris-setosa,0
2.02275318958959E-31,5.053162196902361E-43,1.149973653501096E-18,2.8891386495097297E-18,Iris-setosa,0
1.9037677078490266E-31,3.9893385765018614E-43,8.4734900784291335E-19,2.1668539871322963E-18,Iris-setosa,0
2.02275318958959E-31,5.053162196902361E-43,9.683988661061859E-19,1.4445693247548649E-18,Iris-setosa,0
1.8244440533553163E-31,4.2552944816019896E-43,8.4734900784291335E-19,1.4445693247548649E-18,Iris-setosa,0
2.1020768440833E-31,4.9201842443523E-43,9.078739369745502E-19,1.4445693247548649E-18,Iris-setosa,0
1.9830913623427352E-31,4.388272434152048E-43,8.4734900784291335E-19,1.4445693247548649E-18,Iris-setosa,0
2.4986951165518474E-31,4.388272434152048E-43,3.631495747898201E-18,1.805711655943582E-17,Iris-virginica,1
2.8159897345266835E-31,3.9893385765018614E-43,3.570970818766565E-18,1.516797790992608E-17,Iris-virginica,1
2.5780187710455575E-31,3.9893385765018614E-43,3.510445889634925E-18,1.5890262572303508E-17,Iris-virginica,1
3.014298870760958E-31,3.9893385765018614E-43,3.994645322688018E-18,1.516797790992608E-17,Iris-virginica,1
2.8556515617735377E-31,4.787206291802235E-43,3.692020677029836E-18,1.805711655943582E-17,Iris-virginica,1
2.697004252786118E-31,3.9893385765018614E-43,3.328871102240015E-18,1.516797790992608E-17,Iris-virginica,1
2.300385980317572E-31,3.723382671401741E-43,3.0867713857134706E-18,1.733483189705837E-17,Iris-virginica,1
2.5383569437987007E-31,4.2552944816019896E-43,3.2078212439767423E-18,1.6612547234680943E-17,Iris-virginica,1
3.0539606980078143E-31,5.053162196902361E-43,4.055170251819657E-18,1.5890262572303508E-17,Iris-virginica,1
3.0539606980078143E-31,3.4574267663016154E-43,4.17622011008293E-18,1.6612547234680943E-17,Iris-virginica,1
2.7366660800329756E-31,4.2552944816019896E-43,3.4499209605032916E-18,1.6612547234680943E-17,Iris-virginica,1
2.6573424255392655E-31,4.388272434152048E-43,3.4499209605032916E-18,1.516797790992608E-17,Iris-virginica,1
2.5383569437987007E-31,3.723382671401741E-43,3.3893960313716534E-18,1.516797790992608E-17,Iris-virginica,1
2.5383569437987007E-31,3.723382671401741E-43,3.3893960313716534E-18,1.5890262572303508E-17,Iris-virginica,1
3.0539606980078143E-31,3.9893385765018614E-43,3.692020677029836E-18,1.6612547234680943E-17,Iris-virginica,1
2.4986951165518474E-31,4.521250386702111E-43,3.3893960313716534E-18,1.733483189705837E-17,Iris-virginica,1
2.7366660800329756E-31,4.122316529051924E-43,3.2683461731083817E-18,1.516797790992608E-17,Iris-virginica,1
2.6573424255392655E-31,4.122316529051924E-43,3.3893960313716534E-18,1.733483189705837E-17,Iris-virginica,1
2.7366660800329756E-31,4.122316529051924E-43,3.0867713857134706E-18,1.6612547234680943E-17,Iris-virginica,1
2.697004252786118E-31,4.2552944816019896E-43,3.570970818766565E-18,1.6612547234680943E-17,Iris-virginica,1
2.6573424255392655E-31,4.388272434152048E-43,3.4499209605032916E-18,1.805711655943582E-17,Iris-virginica,1
2.6573424255392655E-31,3.9893385765018614E-43,3.14729631484511E-18,1.6612547234680943E-17,Iris-virginica,1
2.4590332893049924E-31,4.521250386702111E-43,3.2683461731083817E-18,1.6612547234680943E-17,Iris-virginica,1
2.7763279072798293E-31,4.2552944816019896E-43,2.8446716691869232E-18,1.0111985273284047E-17,Iris-versicolor,2
2.5383569437987007E-31,4.2552944816019896E-43,2.7236218109236484E-18,1.0834269935661482E-17,Iris-versicolor,2
2.7366660800329756E-31,4.122316529051924E-43,2.965721527450198E-18,1.0834269935661482E-17,Iris-versicolor,2
2.1814004985770087E-31,3.058492908651429E-43,2.4209971652654675E-18,9.389700610906618E-18,Iris-versicolor,2
2.5780187710455575E-31,3.723382671401741E-43,2.784146740055287E-18,1.0834269935661482E-17,Iris-versicolor,2
2.260724153070718E-31,3.723382671401741E-43,2.7236218109236484E-18,9.389700610906618E-18,Iris-versicolor,2
2.4986951165518474E-31,4.388272434152048E-43,2.8446716691869232E-18,1.1556554598038919E-17,Iris-versicolor,2
1.943429535095879E-31,3.191470861201491E-43,1.997322661344009E-18,7.222846623774326E-18,Iris-versicolor,2
2.617680598292412E-31,3.856360623951802E-43,2.784146740055287E-18,9.389700610906618E-18,Iris-versicolor,2
2.062415016836445E-31,3.590404718851679E-43,2.3604722361338294E-18,1.0111985273284047E-17,Iris-versicolor,2
1.9830913623427352E-31,2.6595590510012424E-43,2.1183725196072828E-18,7.222846623774326E-18,Iris-versicolor,2
2.340047807564428E-31,3.9893385765018614E-43,2.5420470235287393E-18,1.0834269935661482E-17,Iris-versicolor,2
2.379709634811281E-31,2.925514956101369E-43,2.4209971652654675E-18,7.222846623774326E-18,Iris-versicolor,2
2.4193714620581373E-31,3.856360623951802E-43,2.8446716691869232E-18,1.0111985273284047E-17,Iris-versicolor,2
2.2210623258238634E-31,3.856360623951802E-43,2.178897448738921E-18,9.389700610906618E-18,Iris-versicolor,2
2.6573424255392655E-31,4.122316529051924E-43,2.6630968817920137E-18,1.0111985273284047E-17,Iris-versicolor,2
2.2210623258238634E-31,3.9893385765018614E-43,2.7236218109236484E-18,1.0834269935661482E-17,Iris-versicolor,2
2.300385980317572E-31,3.590404718851679E-43,2.4815220943971034E-18,7.222846623774326E-18,Iris-versicolor,2
2.4590332893049924E-31,2.925514956101369E-43,2.7236218109236484E-18,1.0834269935661482E-17,Iris-versicolor,2
2.2210623258238634E-31,3.3244488137515533E-43,2.3604722361338294E-18,7.945131286151754E-18,Iris-versicolor,2
2.340047807564428E-31,4.2552944816019896E-43,2.9051965983185607E-18,1.3001123922793787E-17,Iris-versicolor,2
2.4193714620581373E-31,3.723382671401741E-43,2.4209971652654675E-18,9.389700610906618E-18,Iris-versicolor,2
2.4986951165518474E-31,3.3244488137515533E-43,2.965721527450198E-18,1.0834269935661482E-17,Iris-versicolor,2
2.4193714620581373E-31,3.723382671401741E-43,2.8446716691869232E-18,8.667415948529185E-18,Iris-versicolor,2
2.5383569437987007E-31,3.856360623951802E-43,2.6025719526603767E-18,9.389700610906618E-18,Iris-versicolor,2
2.617680598292412E-31,3.9893385765018614E-43,2.6630968817920137E-18,1.0111985273284047E-17,Iris-versicolor,2
2.697004252786118E-31,3.723382671401741E-43,2.9051965983185607E-18,1.0111985273284047E-17,Iris-versicolor,2
2.6573424255392655E-31,3.9893385765018614E-43,3.0262464565818355E-18,1.2278839260416353E-17,Iris-versicolor,2
2.379709634811281E-31,3.856360623951802E-43,2.7236218109236484E-18,1.0834269935661482E-17,Iris-versicolor,2
2.260724153070718E-31,3.4574267663016154E-43,2.1183725196072828E-18,7.222846623774326E-18,Iris-versicolor,2
2.1814004985770087E-31,3.191470861201491E-43,2.299947307002192E-18,7.945131286151754E-18,Iris-versicolor,2
2.1814004985770087E-31,3.191470861201491E-43,2.239422377870556E-18,7.222846623774326E-18,Iris-versicolor,2
2.300385980317572E-31,3.590404718851679E-43,2.3604722361338294E-18,8.667415948529185E-18,Iris-versicolor,2
2.379709634811281E-31,3.590404718851679E-43,3.0867713857134706E-18,1.1556554598038919E-17,Iris-versicolor,2
2.141738671330155E-31,3.9893385765018614E-43,2.7236218109236484E-18,1.0834269935661482E-17,Iris-versicolor,2
2.379709634811281E-31,4.521250386702111E-43,2.7236218109236484E-18,1.1556554598038919E-17,Iris-versicolor,2
2.6573424255392655E-31,4.122316529051924E-43,2.8446716691869232E-18,1.0834269935661482E-17,Iris-versicolor,2
2.4986951165518474E-31,3.058492908651429E-43,2.6630968817920137E-18,9.389700610906618E-18,Iris-versicolor,2
2.2210623258238634E-31,3.9893385765018614E-43,2.4815220943971034E-18,9.389700610906618E-18,Iris-versicolor,2
2.1814004985770087E-31,3.3244488137515533E-43,2.4209971652654675E-18,9.389700610906618E-18,Iris-versicolor,2
2.1814004985770087E-31,3.4574267663016154E-43,2.6630968817920137E-18,8.667415948529185E-18,Iris-versicolor,2
2.4193714620581373E-31,3.9893385765018614E-43,2.784146740055287E-18,1.0111985273284047E-17,Iris-versicolor,2
2.300385980317572E-31,3.4574267663016154E-43,2.4209971652654675E-18,8.667415948529185E-18,Iris-versicolor,2
1.9830913623427352E-31,3.058492908651429E-43,1.997322661344009E-18,7.222846623774326E-18,Iris-versicolor,2
2.2210623258238634E-31,3.590404718851679E-43,2.5420470235287393E-18,9.389700610906618E-18,Iris-versicolor,2
2.260724153070718E-31,3.9893385765018614E-43,2.5420470235287393E-18,8.667415948529185E-18,Iris-versicolor,2
2.260724153070718E-31,3.856360623951802E-43,2.5420470235287393E-18,9.389700610906618E-18,Iris-versicolor,2
2.4590332893049924E-31,3.856360623951802E-43,2.6025719526603767E-18,9.389700610906618E-18,Iris-versicolor,2
2.02275318958959E-31,3.3244488137515533E-43,1.8157478739491004E-18,7.945131286151754E-18,Iris-versicolor,2
2.260724153070718E-31,3.723382671401741E-43,2.4815220943971034E-18,9.389700610906618E-18,Iris-versicolor,2
2.300385980317572E-31,3.590404718851679E-43,3.0867713857134706E-18,1.3723408585171209E-17,Iris-virginica,2
2.4986951165518474E-31,3.856360623951802E-43,3.3893960313716534E-18,1.3001123922793787E-17,Iris-virginica,2
1.943429535095879E-31,3.3244488137515533E-43,2.7236218109236484E-18,1.2278839260416353E-17,Iris-virginica,2
2.895313389020392E-31,3.856360623951802E-43,3.813070535293111E-18,1.3001123922793787E-17,Iris-virginica,2
2.6573424255392655E-31,3.3244488137515533E-43,3.510445889634925E-18,1.3001123922793787E-17,Iris-virginica,2
2.5780187710455575E-31,4.2552944816019896E-43,3.0867713857134706E-18,1.4445693247548652E-17,Iris-virginica,2
2.5383569437987007E-31,3.590404718851679E-43,3.2078212439767423E-18,1.3723408585171209E-17,Iris-virginica,2
2.260724153070718E-31,3.3244488137515533E-43,3.0262464565818355E-18,1.4445693247548652E-17,Iris-virginica,2
2.5780187710455575E-31,3.9893385765018614E-43,3.328871102240015E-18,1.3001123922793787E-17,Iris-virginica,2
2.379709634811281E-31,2.925514956101369E-43,3.0262464565818355E-18,1.0834269935661482E-17,Iris-virginica,2
2.2210623258238634E-31,3.723382671401741E-43,2.965721527450198E-18,1.4445693247548652E-17,Iris-virginica,2
3.0539606980078143E-31,3.723382671401741E-43,4.055170251819657E-18,1.4445693247548652E-17,Iris-virginica,2
2.4986951165518474E-31,3.590404718851679E-43,2.965721527450198E-18,1.3001123922793787E-17,Iris-virginica,2
2.8556515617735377E-31,4.2552944816019896E-43,3.631495747898201E-18,1.3001123922793787E-17,Iris-virginica,2
2.4590332893049924E-31,3.723382671401741E-43,2.9051965983185607E-18,1.3001123922793787E-17,Iris-virginica,2
2.4193714620581373E-31,3.9893385765018614E-43,2.965721527450198E-18,1.3001123922793787E-17,Iris-virginica,2
2.8556515617735377E-31,3.9893385765018614E-43,3.510445889634925E-18,1.1556554598038919E-17,Iris-virginica,2
2.9349752162672487E-31,3.723382671401741E-43,3.692020677029836E-18,1.3723408585171209E-17,Iris-virginica,2
3.1332843525015217E-31,5.053162196902361E-43,3.8735954644247434E-18,1.4445693247548652E-17,Iris-virginica,2
2.4986951165518474E-31,3.723382671401741E-43,3.0867713857134706E-18,1.0834269935661482E-17,Iris-virginica,2
2.4193714620581373E-31,3.4574267663016154E-43,3.3893960313716534E-18,1.0111985273284047E-17,Iris-virginica,2
2.5383569437987007E-31,4.122316529051924E-43,3.328871102240015E-18,1.3001123922793787E-17,Iris-virginica,2
2.379709634811281E-31,3.9893385765018614E-43,2.9051965983185607E-18,1.3001123922793787E-17,Iris-virginica,2
2.300385980317572E-31,3.590404718851679E-43,3.0867713857134706E-18,1.3723408585171209E-17,Iris-virginica,2
2.4986951165518474E-31,3.3244488137515533E-43,3.0262464565818355E-18,1.3723408585171209E-17,Iris-virginica,2
2.5780187710455575E-31,3.9893385765018614E-43,3.14729631484511E-18,1.4445693247548652E-17,Iris-virginica,2
2.340047807564428E-31,3.9893385765018614E-43,3.0867713857134706E-18,1.3001123922793787E-17,Iris-virginica,2
