5.325639270211012E-6,5.8947371098018256E-8,2.3873935936048497E-4,6.658881847891517E-5,Iris-setosa,0
5.116790671379207E-6,5.052631808401564E-8,2.3873935936048497E-4,6.658881847891517E-5,Iris-setosa,0
4.907942072547403E-6,5.3894739289616685E-8,2.2168654797759325E-4,6.658881847891517E-5,Iris-setosa,0
4.803517773131501E-6,5.221052868681617E-8,2.5579217074337676E-4,6.658881847891517E-5,Iris-setosa,0
5.2212149707951115E-6,6.063158170081878E-8,2.3873935936048497E-4,6.658881847891517E-5,Iris-setosa,0
5.638912168458721E-6,6.568421350922035E-8,2.8989779350916035E-4,1.3317763695783034E-4,Iris-setosa,0
4.803517773131501E-6,5.726316049521771E-8,2.3873935936048497E-4,9.988322771837272E-5,Iris-setosa,0
5.2212149707951115E-6,5.726316049521771E-8,2.5579217074337676E-4,6.658881847891517E-5,Iris-setosa,0
4.594669174299698E-6,4.884210748121512E-8,2.3873935936048497E-4,6.658881847891517E-5,Iris-setosa,0
5.116790671379207E-6,5.221052868681617E-8,2.5579217074337676E-4,3.3294409239457585E-5,Iris-setosa,0
5.638912168458721E-6,6.23157923036193E-8,2.5579217074337676E-4,6.658881847891517E-5,Iris-setosa,0
5.0123663719633074E-6,5.726316049521771E-8,2.728449821262685E-4,6.658881847891517E-5,Iris-setosa,0
5.0123663719633074E-6,5.052631808401564E-8,2.3873935936048497E-4,3.3294409239457585E-5,Iris-setosa,0
4.490244874883796E-6,5.052631808401564E-8,1.8758092521180966E-4,3.3294409239457585E-5,Iris-setosa,0
6.056609366122328E-6,6.736842411202086E-8,2.046337365947014E-4,6.658881847891517E-5,Iris-setosa,0
5.952185066706425E-6,7.410526652322297E-8,2.5579217074337676E-4,1.3317763695783034E-4,Iris-setosa,0
5.638912168458721E-6,6.568421350922035E-8,2.2168654797759325E-4,1.3317763695783034E-4,Iris-setosa,0
5.325639270211012E-6,5.8947371098018256E-8,2.3873935936048497E-4,9.988322771837272E-5,Iris-setosa,0
5.952185066706425E-6,6.40000029064198E-8,2.8989779350916035E-4,9.988322771837272E-5,Iris-setosa,0
5.325639270211012E-6,6.40000029064198E-8,2.5579217074337676E-4,9.988322771837272E-5,Iris-setosa,0
5.638912168458721E-6,5.726316049521771E-8,2.8989779350916035E-4,6.658881847891517E-5,Iris-setosa,0
5.325639270211012E-6,6.23157923036193E-8,2.5579217074337676E-4,1.3317763695783034E-4,Iris-setosa,0
4.803517773131501E-6,6.063158170081878E-8,1.7052811382891787E-4,6.658881847891517E-5,Iris-setosa,0
5.325639270211012E-6,5.55789498924172E-8,2.8989779350916035E-4,1.664720461972879E-4,Iris-setosa,0
5.0123663719633074E-6,5.726316049521771E-8,3.240034162749439E-4,6.658881847891517E-5,Iris-setosa,0
5.2212149707951115E-6,5.052631808401564E-8,2.728449821262685E-4,6.658881847891517E-5,Iris-setosa,0
5.2212149707951115E-6,5.726316049521771E-8,2.728449821262685E-4,1.3317763695783034E-4,Iris-setosa,0
5.4300635696269155E-6,5.8947371098018256E-8,2.5579217074337676E-4,6.658881847891517E-5,Iris-setosa,0
5.4300635696269155E-6,5.726316049521771E-8,2.3873935936048497E-4,6.658881847891517E-5,Iris-setosa,0
4.907942072547403E-6,5.3894739289616685E-8,2.728449821262685E-4,6.658881847891517E-5,Iris-setosa,0
5.0123663719633074E-6,5.221052868681617E-8,2.728449821262685E-4,6.658881847891517E-5,Iris-setosa,0
5.638912168458721E-6,5.726316049521771E-8,2.5579217074337676E-4,1.3317763695783034E-4,Iris-setosa,0
5.4300635696269155E-6,6.905263471482139E-8,2.5579217074337676E-4,3.3294409239457585E-5,Iris-setosa,0
5.74333646787462E-6,7.073684531762191E-8,2.3873935936048497E-4,6.658881847891517E-5,Iris-setosa,0
5.116790671379207E-6,5.221052868681617E-8,2.5579217074337676E-4,3.3294409239457585E-5,Iris-setosa,0
5.2212149707951115E-6,5.3894739289616685E-8,2.046337365947014E-4,6.658881847891517E-5,Iris-setosa,0
5.74333646787462E-6,5.8947371098018256E-8,2.2168654797759325E-4,6.658881847891517E-5,Iris-setosa,0
5.116790671379207E-6,5.221052868681617E-8,2.5579217074337676E-4,3.3294409239457585E-5,Iris-setosa,0
4.594669174299698E-6,5.052631808401564E-8,2.2168654797759325E-4,6.658881847891517E-5,Iris-setosa,0
5.325639270211012E-6,5.726316049521771E-8,2.5579217074337676E-4,6.658881847891517E-5,Iris-setosa,0
5.2212149707951115E-6,5.8947371098018256E-8,2.2168654797759325E-4,9.988322771837272E-5,Iris-setosa,0
4.6990934737156E-6,3.8736843864412E-8,2.2168654797759325E-4,9.988322771837272E-5,Iris-setosa,0
4.594669174299698E-6,5.3894739289616685E-8,2.2168654797759325E-4,6.658881847891517E-5,Iris-setosa,0
5.2212149707951115E-6,5.8947371098018256E-8,2.728449821262685E-4,1.9976645543674543E-4,Iris-setosa,0
5.325639270211012E-6,6.40000029064198E-8,3.240034162749439E-4,1.3317763695783034E-4,Iris-setosa,0
5.0123663719633074E-6,5.052631808401564E-8,2.3873935936048497E-4,9.988322771837272E-5,Iris-setosa,0
5.325639270211012E-6,6.40000029064198E-8,2.728449821262685E-4,6.658881847891517E-5,Iris-setosa,0
4.803517773131501E-6,5.3894739289616685E-8,2.3873935936048497E-4,6.658881847891517E-5,Iris-setosa,0
5.534487869042817E-6,6.23157923036193E-8,2.5579217074337676E-4,6.658881847891517E-5,Iris-setosa,0
5.2212149707951115E-6,5.55789498924172E-8,2.3873935936048497E-4,6.658881847891517E-5,Iris-setosa,0
6.578730863201839E-6,5.55789498924172E-8,0.001023168682973507,8.323602309864397E-4,Iris-virginica,1
7.414125258529058E-6,5.052631808401564E-8,0.0010061158715906156,6.991825940286092E-4,Iris-virginica,1
6.578730863201839E-6,4.884210748121512E-8,9.549574374419399E-4,5.992993663102366E-4,Iris-virginica,1
6.787579462033644E-6,5.052631808401564E-8,9.890630602077235E-4,7.324770032680668E-4,Iris-virginica,1
7.936246755608568E-6,5.052631808401564E-8,0.0011254855512708578,6.991825940286092E-4,Iris-virginica,1
7.62297385736086E-6,4.884210748121512E-8,0.0010743271171221825,5.992993663102366E-4,Iris-virginica,1
6.996428060865448E-6,4.2105265070013044E-8,9.890630602077235E-4,5.992993663102366E-4,Iris-virginica,1
7.5185495579449595E-6,6.063158170081878E-8,0.0010402214943563985,8.323602309864397E-4,Iris-virginica,1
7.100852360281348E-6,5.052631808401564E-8,9.379046260590478E-4,6.991825940286092E-4,Iris-virginica,1
6.056609366122328E-6,4.71578968784146E-8,8.696933805274807E-4,7.990658217469817E-4,Iris-virginica,1
6.683155162617742E-6,5.3894739289616685E-8,9.037990032932646E-4,7.657714125075242E-4,Iris-virginica,1
6.787579462033644E-6,5.052631808401564E-8,9.379046260590478E-4,5.992993663102366E-4,Iris-virginica,1
8.040671055024473E-6,6.40000029064198E-8,0.0011425383626537493,7.324770032680668E-4,Iris-virginica,1
8.040671055024473E-6,4.378947567281356E-8,0.0011766439854195333,7.657714125075242E-4,Iris-virginica,1
7.205276659697254E-6,5.3894739289616685E-8,9.720102488248315E-4,7.657714125075242E-4,Iris-virginica,1
8.040671055024473E-6,4.71578968784146E-8,0.0011425383626537493,6.658881847891517E-4,Iris-virginica,1
6.996428060865448E-6,5.55789498924172E-8,9.720102488248315E-4,6.991825940286092E-4,Iris-virginica,1
7.5185495579449595E-6,5.3894739289616685E-8,0.001023168682973507,5.992993663102366E-4,Iris-virginica,1
6.683155162617742E-6,4.71578968784146E-8,9.549574374419399E-4,6.991825940286092E-4,Iris-virginica,1
7.5185495579449595E-6,5.052631808401564E-8,9.890630602077235E-4,5.327105478313214E-4,Iris-virginica,1
7.727398156776764E-6,4.71578968784146E-8,0.0010402214943563985,6.32593775549694E-4,Iris-virginica,1
8.249519653856272E-6,6.40000029064198E-8,0.001091379928505074,6.658881847891517E-4,Iris-virginica,1
6.683155162617742E-6,4.71578968784146E-8,9.549574374419399E-4,7.324770032680668E-4,Iris-virginica,1
8.040671055024473E-6,5.052631808401564E-8,0.0010402214943563985,7.657714125075242E-4,Iris-virginica,1
6.578730863201839E-6,5.726316049521771E-8,9.549574374419399E-4,7.990658217469817E-4,Iris-virginica,1
6.683155162617742E-6,5.221052868681617E-8,9.379046260590478E-4,5.992993663102366E-4,Iris-virginica,1
7.205276659697254E-6,5.221052868681617E-8,9.208518146761564E-4,6.991825940286092E-4,Iris-virginica,1
6.996428060865448E-6,5.221052868681617E-8,9.549574374419399E-4,7.990658217469817E-4,Iris-virginica,1
7.205276659697254E-6,5.221052868681617E-8,8.696933805274807E-4,7.657714125075242E-4,Iris-virginica,1
7.100852360281348E-6,5.3894739289616685E-8,0.0010061158715906156,7.657714125075242E-4,Iris-virginica,1
6.996428060865448E-6,5.55789498924172E-8,9.720102488248315E-4,8.323602309864397E-4,Iris-virginica,1
6.996428060865448E-6,5.052631808401564E-8,8.86746191910373E-4,7.657714125075242E-4,Iris-virginica,1
6.4743065637859375E-6,5.726316049521771E-8,9.208518146761564E-4,7.657714125075242E-4,Iris-virginica,1
7.3097009591131546E-6,5.3894739289616685E-8,8.014821349959137E-4,4.66121729352406E-4,Iris-versicolor,2
6.683155162617742E-6,5.3894739289616685E-8,7.673765122301302E-4,4.994161385918637E-4,Iris-versicolor,2
7.205276659697254E-6,5.221052868681617E-8,8.355877577616974E-4,4.994161385918637E-4,Iris-versicolor,2
5.74333646787462E-6,3.8736843864412E-8,6.821124553156715E-4,4.328273201129485E-4,Iris-versicolor,2
6.787579462033644E-6,4.71578968784146E-8,7.844293236130219E-4,4.994161385918637E-4,Iris-versicolor,2
5.952185066706425E-6,4.71578968784146E-8,7.673765122301302E-4,4.328273201129485E-4,Iris-versicolor,2
6.578730863201839E-6,5.55789498924172E-8,8.014821349959137E-4,5.327105478313214E-4,Iris-versicolor,2
5.116790671379207E-6,4.042105446721252E-8,5.627427756354289E-4,3.329440923945758E-4,Iris-versicolor,2
6.892003761449547E-6,4.884210748121512E-8,7.844293236130219E-4,4.328273201129485E-4,Iris-versicolor,2
5.4300635696269155E-6,4.547368627561409E-8,6.650596439327796E-4,4.66121729352406E-4,Iris-versicolor,2
5.2212149707951115E-6,3.368421205601043E-8,5.968483984012124E-4,3.329440923945758E-4,Iris-versicolor,2
6.16103366553823E-6,5.052631808401564E-8,7.162180780814548E-4,4.994161385918637E-4,Iris-versicolor,2
6.265457964954132E-6,3.7052633261611486E-8,6.821124553156715E-4,3.329440923945758E-4,Iris-versicolor,2
6.369882264370035E-6,4.884210748121512E-8,8.014821349959137E-4,4.66121729352406E-4,Iris-versicolor,2
5.8477607672905245E-6,4.884210748121512E-8,6.139012097841043E-4,4.328273201129485E-4,Iris-versicolor,2
6.996428060865448E-6,5.221052868681617E-8,7.503237008472386E-4,4.66121729352406E-4,Iris-versicolor,2
5.8477607672905245E-6,5.052631808401564E-8,7.673765122301302E-4,4.994161385918637E-4,Iris-versicolor,2
6.056609366122328E-6,4.547368627561409E-8,6.99165266698563E-4,3.329440923945758E-4,Iris-versicolor,2
6.4743065637859375E-6,3.7052633261611486E-8,7.673765122301302E-4,4.994161385918637E-4,Iris-versicolor,2
5.8477607672905245E-6,4.2105265070013044E-8,6.650596439327796E-4,3.662385016340334E-4,Iris-versicolor,2
6.16103366553823E-6,5.3894739289616685E-8,8.185349463788056E-4,5.992993663102366E-4,Iris-versicolor,2
6.369882264370035E-6,4.71578968784146E-8,6.821124553156715E-4,4.328273201129485E-4,Iris-versicolor,2
6.578730863201839E-6,4.2105265070013044E-8,8.355877577616974E-4,4.994161385918637E-4,Iris-versicolor,2
6.369882264370035E-6,4.71578968784146E-8,8.014821349959137E-4,3.9953291087349086E-4,Iris-versicolor,2
6.683155162617742E-6,4.884210748121512E-8,7.332708894643465E-4,4.328273201129485E-4,Iris-versicolor,2
6.892003761449547E-6,5.052631808401564E-8,7.503237008472386E-4,4.66121729352406E-4,Iris-versicolor,2
7.100852360281348E-6,4.71578968784146E-8,8.185349463788056E-4,4.66121729352406E-4,Iris-versicolor,2
6.996428060865448E-6,5.052631808401564E-8,8.526405691445895E-4,5.660049570707788E-4,Iris-versicolor,2
6.265457964954132E-6,4.884210748121512E-8,7.673765122301302E-4,4.994161385918637E-4,Iris-versicolor,2
5.952185066706425E-6,4.378947567281356E-8,5.968483984012124E-4,3.329440923945758E-4,Iris-versicolor,2
5.74333646787462E-6,4.042105446721252E-8,6.480068325498878E-4,3.662385016340334E-4,Iris-versicolor,2
5.74333646787462E-6,4.042105446721252E-8,6.30954021166996E-4,3.329440923945758E-4,Iris-versicolor,2
6.056609366122328E-6,4.547368627561409E-8,6.650596439327796E-4,3.9953291087349086E-4,Iris-versicolor,2
6.265457964954132E-6,4.547368627561409E-8,8.696933805274807E-4,5.327105478313214E-4,Iris-versicolor,2
5.638912168458721E-6,5.052631808401564E-8,7.673765122301302E-4,4.994161385918637E-4,Iris-versicolor,2
6.265457964954132E-6,5.726316049521771E-8,7.673765122301302E-4,5.327105478313214E-4,Iris-versicolor,2
6.996428060865448E-6,5.221052868681617E-8,8.014821349959137E-4,4.994161385918637E-4,Iris-versicolor,2
6.578730863201839E-6,3.8736843864412E-8,7.503237008472386E-4,4.328273201129485E-4,Iris-versicolor,2
5.8477607672905245E-6,5.052631808401564E-8,6.99165266698563E-4,4.328273201129485E-4,Iris-versicolor,2
5.74333646787462E-6,4.2105265070013044E-8,6.821124553156715E-4,4.328273201129485E-4,Iris-versicolor,2
5.74333646787462E-6,4.378947567281356E-8,7.503237008472386E-4,3.9953291087349086E-4,Iris-versicolor,2
6.369882264370035E-6,5.052631808401564E-8,7.844293236130219E-4,4.66121729352406E-4,Iris-versicolor,2
6.056609366122328E-6,4.378947567281356E-8,6.821124553156715E-4,3.9953291087349086E-4,Iris-versicolor,2
5.2212149707951115E-6,3.8736843864412E-8,5.627427756354289E-4,3.329440923945758E-4,Iris-versicolor,2
5.8477607672905245E-6,4.547368627561409E-8,7.162180780814548E-4,4.328273201129485E-4,Iris-versicolor,2
5.952185066706425E-6,5.052631808401564E-8,7.162180780814548E-4,3.9953291087349086E-4,Iris-versicolor,2
5.952185066706425E-6,4.884210748121512E-8,7.162180780814548E-4,4.328273201129485E-4,Iris-versicolor,2
6.4743065637859375E-6,4.884210748121512E-8,7.332708894643465E-4,4.328273201129485E-4,Iris-versicolor,2
5.325639270211012E-6,4.2105265070013044E-8,5.115843414867535E-4,3.662385016340334E-4,Iris-versicolor,2
5.952185066706425E-6,4.71578968784146E-8,6.99165266698563E-4,4.328273201129485E-4,Iris-versicolor,2
6.056609366122328E-6,4.547368627561409E-8,8.696933805274807E-4,6.32593775549694E-4,Iris-virginica,2
5.116790671379207E-6,4.2105265070013044E-8,7.673765122301302E-4,5.660049570707788E-4,Iris-virginica,2
6.787579462033644E-6,5.3894739289616685E-8,8.696933805274807E-4,6.658881847891517E-4,Iris-virginica,2
6.683155162617742E-6,4.547368627561409E-8,9.037990032932646E-4,6.32593775549694E-4,Iris-virginica,2
5.952185066706425E-6,4.2105265070013044E-8,8.526405691445895E-4,6.658881847891517E-4,Iris-virginica,2
6.265457964954132E-6,3.7052633261611486E-8,8.526405691445895E-4,4.994161385918637E-4,Iris-virginica,2
5.8477607672905245E-6,4.71578968784146E-8,8.355877577616974E-4,6.658881847891517E-4,Iris-virginica,2
6.578730863201839E-6,4.547368627561409E-8,8.355877577616974E-4,5.992993663102366E-4,Iris-virginica,2
6.4743065637859375E-6,4.71578968784146E-8,8.185349463788056E-4,5.992993663102366E-4,Iris-virginica,2
6.369882264370035E-6,5.052631808401564E-8,8.355877577616974E-4,5.992993663102366E-4,Iris-virginica,2
6.578730863201839E-6,4.71578968784146E-8,8.696933805274807E-4,4.994161385918637E-4,Iris-virginica,2
6.369882264370035E-6,4.378947567281356E-8,9.549574374419399E-4,4.66121729352406E-4,Iris-virginica,2
6.265457964954132E-6,5.052631808401564E-8,8.185349463788056E-4,5.992993663102366E-4,Iris-virginica,2
6.056609366122328E-6,4.547368627561409E-8,8.696933805274807E-4,6.32593775549694E-4,Iris-virginica,2
6.578730863201839E-6,4.2105265070013044E-8,8.526405691445895E-4,6.32593775549694E-4,Iris-virginica,2
6.787579462033644E-6,5.052631808401564E-8,8.86746191910373E-4,6.658881847891517E-4,Iris-virginica,2
6.16103366553823E-6,5.052631808401564E-8,8.696933805274807E-4,5.992993663102366E-4,Iris-virginica,2
