1.3944287773337222E-17,1.1508120247718553E-23,3.162306010416939E-11,2.3575661110105614E-11,Iris-setosa,0
1.339745295869654E-17,9.864103069473045E-24,3.162306010416939E-11,2.3575661110105614E-11,Iris-setosa,0
1.2850618144055872E-17,1.0521709940771251E-23,2.936427009672875E-11,2.3575661110105614E-11,Iris-setosa,0
1.2577200736735535E-17,1.0192906505122144E-23,3.388185011161008E-11,2.3575661110105614E-11,Iris-setosa,0
1.3670870366016884E-17,1.1836923683367654E-23,3.162306010416939E-11,2.3575661110105614E-11,Iris-setosa,0
1.4764539995298242E-17,1.2823333990314965E-23,3.8399430126491404E-11,4.715132222021123E-11,Iris-setosa,0
1.2577200736735535E-17,1.117931681206945E-23,3.162306010416939E-11,3.5363491665158394E-11,Iris-setosa,0
1.3670870366016884E-17,1.117931681206945E-23,3.388185011161008E-11,2.3575661110105614E-11,Iris-setosa,0
1.2030365922094861E-17,9.535299633823947E-24,3.162306010416939E-11,2.3575661110105614E-11,Iris-setosa,0
1.339745295869654E-17,1.0192906505122144E-23,3.388185011161008E-11,1.1787830555052807E-11,Iris-setosa,0
1.4764539995298242E-17,1.2165727119016758E-23,3.388185011161008E-11,2.3575661110105614E-11,Iris-setosa,0
1.3124035551376219E-17,1.117931681206945E-23,3.614064011905073E-11,2.3575661110105614E-11,Iris-setosa,0
1.3124035551376219E-17,9.864103069473045E-24,3.162306010416939E-11,1.1787830555052807E-11,Iris-setosa,0
1.1756948514774525E-17,9.864103069473045E-24,2.4846690081847385E-11,1.1787830555052807E-11,Iris-setosa,0
1.5858209624579584E-17,1.3152137425964062E-23,2.7105480089288062E-11,2.3575661110105614E-11,Iris-setosa,0
1.5584792217259243E-17,1.4467351168560477E-23,3.388185011161008E-11,4.715132222021123E-11,Iris-setosa,0
1.4764539995298242E-17,1.2823333990314965E-23,2.936427009672875E-11,4.715132222021123E-11,Iris-setosa,0
1.3944287773337222E-17,1.1508120247718553E-23,3.162306010416939E-11,3.5363491665158394E-11,Iris-setosa,0
1.5584792217259243E-17,1.2494530554665857E-23,3.8399430126491404E-11,3.5363491665158394E-11,Iris-setosa,0
1.3944287773337222E-17,1.2494530554665857E-23,3.388185011161008E-11,3.5363491665158394E-11,Iris-setosa,0
1.4764539995298242E-17,1.117931681206945E-23,3.8399430126491404E-11,2.3575661110105614E-11,Iris-setosa,0
1.3944287773337222E-17,1.2165727119016758E-23,3.388185011161008E-11,4.715132222021123E-11,Iris-setosa,0
1.2577200736735535E-17,1.1836923683367654E-23,2.2587900074406714E-11,2.3575661110105614E-11,Iris-setosa,0
1.3944287773337222E-17,1.0850513376420349E-23,3.8399430126491404E-11,5.893915277526404E-11,Iris-setosa,0
1.3124035551376219E-17,1.117931681206945E-23,4.291701014137275E-11,2.3575661110105614E-11,Iris-setosa,0
1.3670870366016884E-17,9.864103069473045E-24,3.614064011905073E-11,2.3575661110105614E-11,Iris-setosa,0
1.3670870366016884E-17,1.117931681206945E-23,3.614064011905073E-11,4.715132222021123E-11,Iris-setosa,0
1.4217705180657566E-17,1.1508120247718553E-23,3.388185011161008E-11,2.3575661110105614E-11,Iris-setosa,0
1.4217705180657566E-17,1.117931681206945E-23,3.162306010416939E-11,2.3575661110105614E-11,Iris-setosa,0
1.2850618144055872E-17,1.0521709940771251E-23,3.614064011905073E-11,2.3575661110105614E-11,Iris-setosa,0
1.3124035551376219E-17,1.0192906505122144E-23,3.614064011905073E-11,2.3575661110105614E-11,Iris-setosa,0
1.4764539995298242E-17,1.117931681206945E-23,3.388185011161008E-11,4.715132222021123E-11,Iris-setosa,0
1.4217705180657566E-17,1.3480940861613167E-23,3.388185011161008E-11,1.1787830555052807E-11,Iris-setosa,0
1.5037957402618577E-17,1.380974429726227E-23,3.162306010416939E-11,2.3575661110105614E-11,Iris-setosa,0
1.339745295869654E-17,1.0192906505122144E-23,3.388185011161008E-11,1.1787830555052807E-11,Iris-setosa,0
1.3670870366016884E-17,1.0521709940771251E-23,2.7105480089288062E-11,2.3575661110105614E-11,Iris-setosa,0
1.5037957402618577E-17,1.1508120247718553E-23,2.936427009672875E-11,2.3575661110105614E-11,Iris-setosa,0
1.339745295869654E-17,1.0192906505122144E-23,3.388185011161008E-11,1.1787830555052807E-11,Iris-setosa,0
1.2030365922094861E-17,9.864103069473045E-24,2.936427009672875E-11,2.3575661110105614E-11,Iris-setosa,0
1.3944287773337222E-17,1.117931681206945E-23,3.388185011161008E-11,2.3575661110105614E-11,Iris-setosa,0
1.3670870366016884E-17,1.1508120247718553E-23,2.936427009672875E-11,3.5363491665158394E-11,Iris-setosa,0
1.2303783329415196E-17,7.562479019929336E-24,2.936427009672875E-11,3.5363491665158394E-11,Iris-setosa,0
1.2030365922094861E-17,1.0521709940771251E-23,2.936427009672875E-11,2.3575661110105614E-11,Iris-setosa,0
1.3670870366016884E-17,1.1508120247718553E-23,3.614064011905073E-11,7.072698333031679E-11,Iris-setosa,0
1.3944287773337222E-17,1.2494530554665857E-23,4.291701014137275E-11,4.715132222021123E-11,Iris-setosa,0
1.3124035551376219E-17,9.864103069473045E-24,3.162306010416939E-11,3.5363491665158394E-11,Iris-setosa,0
1.3944287773337222E-17,1.2494530554665857E-23,3.614064011905073E-11,2.3575661110105614E-11,Iris-setosa,0
1.2577200736735535E-17,1.0521709940771251E-23,3.162306010416939E-11,2.3575661110105614E-11,Iris-setosa,0
1.4491122587977898E-17,1.2165727119016758E-23,3.388185011161008E-11,2.3575661110105614E-11,Iris-setosa,0
1.3670870366016884E-17,1.0850513376420349E-23,3.162306010416939E-11,2.3575661110105614E-11,Iris-setosa,0
1.7225296661181277E-17,1.0850513376420349E-23,1.3552740044644033E-10,2.946957638763202E-10,Iris-virginica,1
1.941263591974398E-17,9.864103069473045E-24,1.3326861043899962E-10,2.4754444165610883E-10,Iris-virginica,1
1.7772131475821956E-17,9.864103069473045E-24,1.3100982043155894E-10,2.593322722111616E-10,Iris-virginica,1
2.0779722956345664E-17,9.864103069473045E-24,1.490801404910843E-10,2.4754444165610883E-10,Iris-virginica,1
1.9686053327064312E-17,1.1836923683367654E-23,1.3778619045388094E-10,2.946957638763202E-10,Iris-virginica,1
1.8592383697782954E-17,9.864103069473045E-24,1.2423345040923691E-10,2.4754444165610883E-10,Iris-virginica,1
1.5858209624579584E-17,9.206496198174846E-24,1.1519829037947423E-10,2.8290793332126715E-10,Iris-virginica,1
1.7498714068501612E-17,1.0521709940771251E-23,1.1971587039435555E-10,2.7112010276621446E-10,Iris-virginica,1
2.1053140363666014E-17,1.2494530554665857E-23,1.5133893049852496E-10,2.593322722111616E-10,Iris-virginica,1
2.1053140363666014E-17,8.548889326876642E-24,1.5585651051340635E-10,2.7112010276621446E-10,Iris-virginica,1
1.886580110510331E-17,1.0521709940771251E-23,1.2875103042411828E-10,2.7112010276621446E-10,Iris-virginica,1
2.1053140363666014E-17,9.206496198174846E-24,1.5133893049852496E-10,2.3575661110105615E-10,Iris-virginica,1
1.831896629046263E-17,1.0850513376420349E-23,1.2875103042411828E-10,2.4754444165610883E-10,Iris-virginica,1
1.7498714068501612E-17,9.206496198174846E-24,1.2649224041667757E-10,2.4754444165610883E-10,Iris-virginica,1
2.159997517830668E-17,1.2494530554665857E-23,1.445625604762029E-10,2.3575661110105615E-10,Iris-virginica,1
1.7498714068501612E-17,9.206496198174846E-24,1.2649224041667757E-10,2.593322722111616E-10,Iris-virginica,1
2.1053140363666014E-17,9.864103069473045E-24,1.3778619045388094E-10,2.7112010276621446E-10,Iris-virginica,1
1.7225296661181277E-17,1.117931681206945E-23,1.2649224041667757E-10,2.8290793332126715E-10,Iris-virginica,1
1.886580110510331E-17,1.0192906505122144E-23,1.219746604017963E-10,2.4754444165610883E-10,Iris-virginica,1
1.831896629046263E-17,1.0192906505122144E-23,1.2649224041667757E-10,2.8290793332126715E-10,Iris-virginica,1
1.886580110510331E-17,1.0192906505122144E-23,1.1519829037947423E-10,2.7112010276621446E-10,Iris-virginica,1
1.8592383697782954E-17,1.0521709940771251E-23,1.3326861043899962E-10,2.7112010276621446E-10,Iris-virginica,1
1.831896629046263E-17,1.0850513376420349E-23,1.2875103042411828E-10,2.946957638763202E-10,Iris-virginica,1
1.831896629046263E-17,9.864103069473045E-24,1.17457080386915E-10,2.7112010276621446E-10,Iris-virginica,1
1.6951879253860945E-17,1.117931681206945E-23,1.219746604017963E-10,2.7112010276621446E-10,Iris-virginica,1
1.9139218512423646E-17,1.0521709940771251E-23,1.0616313034971159E-10,1.6502962777073918E-10,Iris-versicolor,2
1.7498714068501612E-17,1.0521709940771251E-23,1.0164555033483017E-10,1.7681745832579202E-10,Iris-versicolor,2
1.886580110510331E-17,1.0192906505122144E-23,1.1068071036459294E-10,1.7681745832579202E-10,Iris-versicolor,2
1.5037957402618577E-17,7.562479019929336E-24,9.035160029762686E-11,1.5324179721568642E-10,Iris-versicolor,2
1.7772131475821956E-17,9.206496198174846E-24,1.0390434034227089E-10,1.7681745832579202E-10,Iris-versicolor,2
1.5584792217259243E-17,9.206496198174846E-24,1.0164555033483017E-10,1.5324179721568642E-10,Iris-versicolor,2
1.7225296661181277E-17,1.0850513376420349E-23,1.0616313034971159E-10,1.8860528888084491E-10,Iris-versicolor,2
1.339745295869654E-17,7.891282455578437E-24,7.454007024554215E-11,1.1787830555052807E-10,Iris-versicolor,2
1.8045548883142297E-17,9.535299633823947E-24,1.0390434034227089E-10,1.5324179721568642E-10,Iris-versicolor,2
1.4217705180657566E-17,8.877692762525745E-24,8.809281029018617E-11,1.6502962777073918E-10,Iris-versicolor,2
1.3670870366016884E-17,6.576068712982031E-24,7.905765026042347E-11,1.1787830555052807E-10,Iris-versicolor,2
1.6131627031899925E-17,9.864103069473045E-24,9.486918031250817E-11,1.7681745832579202E-10,Iris-versicolor,2
1.6405044439220257E-17,7.233675584280238E-24,9.035160029762686E-11,1.1787830555052807E-10,Iris-versicolor,2
1.66784618465406E-17,9.535299633823947E-24,1.0616313034971159E-10,1.6502962777073918E-10,Iris-versicolor,2
1.5311374809938915E-17,9.535299633823947E-24,8.131644026786419E-11,1.5324179721568642E-10,Iris-versicolor,2
1.831896629046263E-17,1.0192906505122144E-23,9.938676032738954E-11,1.6502962777073918E-10,Iris-versicolor,2
1.5311374809938915E-17,9.864103069473045E-24,1.0164555033483017E-10,1.7681745832579202E-10,Iris-versicolor,2
1.5858209624579584E-17,8.877692762525745E-24,9.261039030506751E-11,1.1787830555052807E-10,Iris-versicolor,2
1.6951879253860945E-17,7.233675584280238E-24,1.0164555033483017E-10,1.7681745832579202E-10,Iris-versicolor,2
1.5311374809938915E-17,8.220085891227541E-24,8.809281029018617E-11,1.296661361055808E-10,Iris-versicolor,2
1.6131627031899925E-17,1.0521709940771251E-23,1.0842192035715225E-10,2.1218094999095052E-10,Iris-versicolor,2
1.66784618465406E-17,9.206496198174846E-24,9.035160029762686E-11,1.5324179721568642E-10,Iris-versicolor,2
1.7225296661181277E-17,8.220085891227541E-24,1.1068071036459294E-10,1.7681745832579202E-10,Iris-versicolor,2
1.66784618465406E-17,9.206496198174846E-24,1.0616313034971159E-10,1.4145396666063358E-10,Iris-versicolor,2
1.7498714068501612E-17,9.535299633823947E-24,9.712797031994887E-11,1.5324179721568642E-10,Iris-versicolor,2
1.8045548883142297E-17,9.864103069473045E-24,9.938676032738954E-11,1.6502962777073918E-10,Iris-versicolor,2
1.8592383697782954E-17,9.206496198174846E-24,1.0842192035715225E-10,1.6502962777073918E-10,Iris-versicolor,2
1.831896629046263E-17,9.864103069473045E-24,1.1293950037203367E-10,2.0039311943589763E-10,Iris-versicolor,2
1.6405044439220257E-17,9.535299633823947E-24,1.0164555033483017E-10,1.7681745832579202E-10,Iris-versicolor,2
1.5584792217259243E-17,8.548889326876642E-24,7.905765026042347E-11,1.1787830555052807E-10,Iris-versicolor,2
1.5037957402618577E-17,7.891282455578437E-24,8.58340202827455E-11,1.296661361055808E-10,Iris-versicolor,2
1.5037957402618577E-17,7.891282455578437E-24,8.357523027530483E-11,1.1787830555052807E-10,Iris-versicolor,2
1.5858209624579584E-17,8.877692762525745E-24,8.809281029018617E-11,1.4145396666063358E-10,Iris-versicolor,2
1.6405044439220257E-17,8.877692762525745E-24,1.1519829037947423E-10,1.8860528888084491E-10,Iris-versicolor,2
1.4764539995298242E-17,9.864103069473045E-24,1.0164555033483017E-10,1.7681745832579202E-10,Iris-versicolor,2
1.6405044439220257E-17,1.117931681206945E-23,1.0164555033483017E-10,1.8860528888084491E-10,Iris-versicolor,2
1.831896629046263E-17,1.0192906505122144E-23,1.0616313034971159E-10,1.7681745832579202E-10,Iris-versicolor,2
1.7225296661181277E-17,7.562479019929336E-24,9.938676032738954E-11,1.5324179721568642E-10,Iris-versicolor,2
1.5311374809938915E-17,9.864103069473045E-24,9.261039030506751E-11,1.5324179721568642E-10,Iris-versicolor,2
1.5037957402618577E-17,8.220085891227541E-24,9.035160029762686E-11,1.5324179721568642E-10,Iris-versicolor,2
1.5037957402618577E-17,8.548889326876642E-24,9.938676032738954E-11,1.4145396666063358E-10,Iris-versicolor,2
1.66784618465406E-17,9.864103069473045E-24,1.0390434034227089E-10,1.6502962777073918E-10,Iris-versicolor,2
1.5858209624579584E-17,8.548889326876642E-24,9.035160029762686E-11,1.4145396666063358E-10,Iris-versicolor,2
1.3670870366016884E-17,7.562479019929336E-24,7.454007024554215E-11,1.1787830555052807E-10,Iris-versicolor,2
1.5311374809938915E-17,8.877692762525745E-24,9.486918031250817E-11,1.5324179721568642E-10,Iris-versicolor,2
1.5584792217259243E-17,9.864103069473045E-24,9.486918031250817E-11,1.4145396666063358E-10,Iris-versicolor,2
1.5584792217259243E-17,9.535299633823947E-24,9.486918031250817E-11,1.5324179721568642E-10,Iris-versicolor,2
1.6951879253860945E-17,9.535299633823947E-24,9.712797031994887E-11,1.5324179721568642E-10,Iris-versicolor,2
1.3944287773337222E-17,8.220085891227541E-24,6.776370022322017E-11,1.296661361055808E-10,Iris-versicolor,2
1.5584792217259243E-17,9.206496198174846E-24,9.261039030506751E-11,1.5324179721568642E-10,Iris-versicolor,2
1.5858209624579584E-17,8.877692762525745E-24,1.1519829037947423E-10,2.2396878054600326E-10,Iris-virginica,2
1.7225296661181277E-17,9.535299633823947E-24,1.2649224041667757E-10,2.1218094999095052E-10,Iris-virginica,2
1.339745295869654E-17,8.220085891227541E-24,1.0164555033483017E-10,2.0039311943589763E-10,Iris-virginica,2
1.9959470734384644E-17,9.535299633823947E-24,1.423037704687623E-10,2.1218094999095052E-10,Iris-virginica,2
1.831896629046263E-17,8.220085891227541E-24,1.3100982043155894E-10,2.1218094999095052E-10,Iris-virginica,2
1.7772131475821956E-17,1.0521709940771251E-23,1.1519829037947423E-10,2.3575661110105615E-10,Iris-virginica,2
1.7498714068501612E-17,8.877692762525745E-24,1.1971587039435555E-10,2.2396878054600326E-10,Iris-virginica,2
1.5584792217259243E-17,8.220085891227541E-24,1.1293950037203367E-10,2.3575661110105615E-10,Iris-virginica,2
1.7772131475821956E-17,9.864103069473045E-24,1.2423345040923691E-10,2.1218094999095052E-10,Iris-virginica,2
1.6405044439220257E-17,7.233675584280238E-24,1.1293950037203367E-10,1.7681745832579202E-10,Iris-virginica,2
1.5311374809938915E-17,9.206496198174846E-24,1.1068071036459294E-10,2.3575661110105615E-10,Iris-virginica,2
1.7225296661181277E-17,8.877692762525745E-24,1.1068071036459294E-10,2.1218094999095052E-10,Iris-virginica,2
1.9686053327064312E-17,1.0521709940771251E-23,1.3552740044644033E-10,2.1218094999095052E-10,Iris-virginica,2
1.6951879253860945E-17,9.206496198174846E-24,1.0842192035715225E-10,2.1218094999095052E-10,Iris-virginica,2
1.66784618465406E-17,9.864103069473045E-24,1.1068071036459294E-10,2.1218094999095052E-10,Iris-virginica,2
1.9686053327064312E-17,9.864103069473045E-24,1.3100982043155894E-10,1.8860528888084491E-10,Iris-virginica,2
2.0232888141704994E-17,9.206496198174846E-24,1.3778619045388094E-10,2.2396878054600326E-10,Iris-virginica,2
1.7225296661181277E-17,9.206496198174846E-24,1.1519829037947423E-10,1.7681745832579202E-10,Iris-virginica,2
1.66784618465406E-17,8.548889326876642E-24,1.2649224041667757E-10,1.6502962777073918E-10,Iris-virginica,2
1.7498714068501612E-17,1.0192906505122144E-23,1.2423345040923691E-10,2.1218094999095052E-10,Iris-virginica,2
1.6405044439220257E-17,9.864103069473045E-24,1.0842192035715225E-10,2.1218094999095052E-10,Iris-virginica,2
1.5858209624579584E-17,8.877692762525745E-24,1.1519829037947423E-10,2.2396878054600326E-10,Iris-virginica,2
1.7225296661181277E-17,8.220085891227541E-24,1.1293950037203367E-10,2.2396878054600326E-10,Iris-virginica,2
1.7772131475821956E-17,9.864103069473045E-24,1.17457080386915E-10,2.3575661110105615E-10,Iris-virginica,2
1.6131627031899925E-17,9.864103069473045E-24,1.1519829037947423E-10,2.1218094999095052E-10,Iris-virginica,2
