2.4848758851127078E-28,1.2354056591128465E-38,3.60662443666348E-17,5.140975734131937E-17,Iris-setosa,0
2.3874297719710314E-28,1.0589191363824397E-38,3.60662443666348E-17,5.140975734131937E-17,Iris-setosa,0
2.289983658829358E-28,1.1295137454746032E-38,3.349008405473234E-17,5.140975734131937E-17,Iris-setosa,0
2.241260602258521E-28,1.0942164409285208E-38,3.864240467853729E-17,5.140975734131937E-17,Iris-setosa,0
2.4361528285418703E-28,1.2707029636589278E-38,3.60662443666348E-17,5.140975734131937E-17,Iris-setosa,0
2.631045054825221E-28,1.376594877297173E-38,4.379472530234225E-17,1.0281951468263874E-16,Iris-setosa,0
2.241260602258521E-28,1.2001083545667652E-38,3.60662443666348E-17,7.711463601197901E-17,Iris-setosa,0
2.4361528285418703E-28,1.2001083545667652E-38,3.864240467853729E-17,5.140975734131937E-17,Iris-setosa,0
2.1438144891168463E-28,1.0236218318363589E-38,3.60662443666348E-17,5.140975734131937E-17,Iris-setosa,0
2.3874297719710314E-28,1.0942164409285208E-38,3.864240467853729E-17,2.5704878670659686E-17,Iris-setosa,0
2.631045054825221E-28,1.3060002682050098E-38,3.864240467853729E-17,5.140975734131937E-17,Iris-setosa,0
2.3387067154001967E-28,1.2001083545667652E-38,4.121856499043974E-17,5.140975734131937E-17,Iris-setosa,0
2.3387067154001967E-28,1.0589191363824397E-38,3.60662443666348E-17,2.5704878670659686E-17,Iris-setosa,0
2.0950914325460083E-28,1.0589191363824397E-38,2.8337763430927344E-17,2.5704878670659686E-17,Iris-setosa,0
2.825937281108569E-28,1.4118921818432536E-38,3.091392374282983E-17,5.140975734131937E-17,Iris-setosa,0
2.777214224537732E-28,1.55308140002758E-38,3.864240467853729E-17,1.0281951468263874E-16,Iris-setosa,0
2.631045054825221E-28,1.376594877297173E-38,3.349008405473234E-17,1.0281951468263874E-16,Iris-setosa,0
2.4848758851127078E-28,1.2354056591128465E-38,3.60662443666348E-17,7.711463601197901E-17,Iris-setosa,0
2.777214224537732E-28,1.3412975727510905E-38,4.379472530234225E-17,7.711463601197901E-17,Iris-setosa,0
2.4848758851127078E-28,1.3412975727510905E-38,3.864240467853729E-17,7.711463601197901E-17,Iris-setosa,0
2.631045054825221E-28,1.2001083545667652E-38,4.379472530234225E-17,5.140975734131937E-17,Iris-setosa,0
2.4848758851127078E-28,1.3060002682050098E-38,3.864240467853729E-17,1.0281951468263874E-16,Iris-setosa,0
2.241260602258521E-28,1.2707029636589278E-38,2.5761603119024862E-17,5.140975734131937E-17,Iris-setosa,0
2.4848758851127078E-28,1.1648110500206837E-38,4.379472530234225E-17,1.2852439335329845E-16,Iris-setosa,0
2.3387067154001967E-28,1.2001083545667652E-38,4.89470459261472E-17,5.140975734131937E-17,Iris-setosa,0
2.4361528285418703E-28,1.0589191363824397E-38,4.121856499043974E-17,5.140975734131937E-17,Iris-setosa,0
2.4361528285418703E-28,1.2001083545667652E-38,4.121856499043974E-17,1.0281951468263874E-16,Iris-setosa,0
2.5335989416835457E-28,1.2354056591128465E-38,3.864240467853729E-17,5.140975734131937E-17,Iris-setosa,0
2.5335989416835457E-28,1.2001083545667652E-38,3.60662443666348E-17,5.140975734131937E-17,Iris-setosa,0
2.289983658829358E-28,1.1295137454746032E-38,4.121856499043974E-17,5.140975734131937E-17,Iris-setosa,0
2.3387067154001967E-28,1.0942164409285208E-38,4.121856499043974E-17,5.140975734131937E-17,Iris-setosa,0
2.631045054825221E-28,1.2001083545667652E-38,3.864240467853729E-17,1.0281951468263874E-16,Iris-setosa,0
2.5335989416835457E-28,1.4471894863893354E-38,3.864240467853729E-17,2.5704878670659686E-17,Iris-setosa,0
2.6797681113960573E-28,1.4824867909354166E-38,3.60662443666348E-17,5.140975734131937E-17,Iris-setosa,0
2.3874297719710314E-28,1.0942164409285208E-38,3.864240467853729E-17,2.5704878670659686E-17,Iris-setosa,0
2.4361528285418703E-28,1.1295137454746032E-38,3.091392374282983E-17,5.140975734131937E-17,Iris-setosa,0
2.6797681113960573E-28,1.2354056591128465E-38,3.349008405473234E-17,5.140975734131937E-17,Iris-setosa,0
2.3874297719710314E-28,1.0942164409285208E-38,3.864240467853729E-17,2.5704878670659686E-17,Iris-setosa,0
2.1438144891168463E-28,1.0589191363824397E-38,3.349008405473234E-17,5.140975734131937E-17,Iris-setosa,0
2.4848758851127078E-28,1.2001083545667652E-38,3.864240467853729E-17,5.140975734131937E-17,Iris-setosa,0
2.4361528285418703E-28,1.2354056591128465E-38,3.349008405473234E-17,7.711463601197901E-17,Iris-setosa,0
2.192537545687683E-28,8.118380045598708E-39,3.349008405473234E-17,7.711463601197901E-17,Iris-setosa,0
2.1438144891168463E-28,1.1295137454746032E-38,3.349008405473234E-17,5.140975734131937E-17,Iris-setosa,0
2.4361528285418703E-28,1.2354056591128465E-38,4.121856499043974E-17,1.5422927202395802E-16,Iris-setosa,0
2.4848758851127078E-28,1.3412975727510905E-38,4.89470459261472E-17,1.0281951468263874E-16,Iris-setosa,0
2.3387067154001967E-28,1.0589191363824397E-38,3.60662443666348E-17,7.711463601197901E-17,Iris-setosa,0
2.4848758851127078E-28,1.3412975727510905E-38,4.121856499043974E-17,5.140975734131937E-17,Iris-setosa,0
2.241260602258521E-28,1.1295137454746032E-38,3.60662443666348E-17,5.140975734131937E-17,Iris-setosa,0
2.582321998254383E-28,1.3060002682050098E-38,3.864240467853729E-17,5.140975734131937E-17,Iris-setosa,0
2.4361528285418703E-28,1.1648110500206837E-38,3.60662443666348E-17,5.140975734131937E-17,Iris-setosa,0
3.0695525639627576E-28,1.1648110500206837E-38,1.5456961871414917E-16,6.426219667664924E-16,Iris-virginica,1
3.459337016529456E-28,1.0589191363824397E-38,1.5199345840224672E-16,5.398024520838534E-16,Iris-virginica,1
3.166998677104434E-28,1.0589191363824397E-38,1.4941729809034412E-16,5.655073307545129E-16,Iris-virginica,1
3.702952299383643E-28,1.0589191363824397E-38,1.7002658058556398E-16,5.398024520838534E-16,Iris-virginica,1
3.508060073100292E-28,1.2707029636589278E-38,1.5714577902605156E-16,6.426219667664924E-16,Iris-virginica,1
3.313167846816941E-28,1.0589191363824397E-38,1.4168881715463663E-16,5.398024520838534E-16,Iris-virginica,1
2.825937281108569E-28,9.883245272902779E-39,1.3138417590702679E-16,6.169170880958321E-16,Iris-virginica,1
3.1182756205335937E-28,1.1295137454746032E-38,1.365364965308317E-16,5.912122094251726E-16,Iris-virginica,1
3.7516753559544824E-28,1.3412975727510905E-38,1.7260274089746653E-16,5.655073307545129E-16,Iris-virginica,1
3.7516753559544824E-28,9.177299181981147E-39,1.777550615212715E-16,5.912122094251726E-16,Iris-virginica,1
3.3618909033877825E-28,1.1295137454746032E-38,1.4684113777844172E-16,5.912122094251726E-16,Iris-virginica,1
3.2644447902461066E-28,1.1648110500206837E-38,1.4684113777844172E-16,5.398024520838534E-16,Iris-virginica,1
3.1182756205335937E-28,9.883245272902779E-39,1.442649774665392E-16,5.398024520838534E-16,Iris-virginica,1
3.1182756205335937E-28,9.883245272902779E-39,1.442649774665392E-16,5.655073307545129E-16,Iris-virginica,1
3.7516753559544824E-28,1.0589191363824397E-38,1.5714577902605156E-16,5.912122094251726E-16,Iris-virginica,1
3.0695525639627576E-28,1.2001083545667652E-38,1.442649774665392E-16,6.169170880958321E-16,Iris-virginica,1
3.3618909033877825E-28,1.0942164409285208E-38,1.3911265684273428E-16,5.398024520838534E-16,Iris-virginica,1
3.2644447902461066E-28,1.0942164409285208E-38,1.442649774665392E-16,6.169170880958321E-16,Iris-virginica,1
3.3618909033877825E-28,1.0942164409285208E-38,1.3138417590702679E-16,5.912122094251726E-16,Iris-virginica,1
3.313167846816941E-28,1.1295137454746032E-38,1.5199345840224672E-16,5.912122094251726E-16,Iris-virginica,1
3.2644447902461066E-28,1.1648110500206837E-38,1.4684113777844172E-16,6.426219667664924E-16,Iris-virginica,1
3.2644447902461066E-28,1.0589191363824397E-38,1.3396033621892936E-16,5.912122094251726E-16,Iris-virginica,1
3.0208295073919206E-28,1.2001083545667652E-38,1.3911265684273428E-16,5.912122094251726E-16,Iris-virginica,1
3.410613959958619E-28,1.1295137454746032E-38,1.2107953465941682E-16,3.598683013892353E-16,Iris-versicolor,2
3.1182756205335937E-28,1.1295137454746032E-38,1.1592721403561178E-16,3.855731800598951E-16,Iris-versicolor,2
3.3618909033877825E-28,1.0942164409285208E-38,1.2623185528322186E-16,3.855731800598951E-16,Iris-versicolor,2
2.6797681113960573E-28,8.118380045598708E-39,1.0304641247609945E-16,3.3416342271857577E-16,Iris-versicolor,2
3.166998677104434E-28,9.883245272902779E-39,1.1850337434751435E-16,3.855731800598951E-16,Iris-versicolor,2
2.777214224537732E-28,9.883245272902779E-39,1.1592721403561178E-16,3.3416342271857577E-16,Iris-versicolor,2
3.0695525639627576E-28,1.1648110500206837E-38,1.2107953465941682E-16,4.11278058730555E-16,Iris-versicolor,2
2.3874297719710314E-28,8.47135309105952E-39,8.501329029278199E-17,2.570487867065969E-16,Iris-versicolor,2
3.2157217336752714E-28,1.0236218318363589E-38,1.1850337434751435E-16,3.3416342271857577E-16,Iris-versicolor,2
2.5335989416835457E-28,9.530272227441964E-39,1.004702521641969E-16,3.598683013892353E-16,Iris-versicolor,2
2.4361528285418703E-28,7.059460909216268E-39,9.016561091658697E-17,2.570487867065969E-16,Iris-versicolor,2
2.8746603376794077E-28,1.0589191363824397E-38,1.0819873309990437E-16,3.855731800598951E-16,Iris-versicolor,2
2.9233833942502433E-28,7.7654070001379E-39,1.0304641247609945E-16,2.570487867065969E-16,Iris-versicolor,2
2.972106450821082E-28,1.0236218318363589E-38,1.2107953465941682E-16,3.598683013892353E-16,Iris-versicolor,2
2.7284911679668947E-28,1.0236218318363589E-38,9.27417712284895E-17,3.3416342271857577E-16,Iris-versicolor,2
3.2644447902461066E-28,1.0942164409285208E-38,1.1335105372370938E-16,3.598683013892353E-16,Iris-versicolor,2
2.7284911679668947E-28,1.0589191363824397E-38,1.1592721403561178E-16,3.855731800598951E-16,Iris-versicolor,2
2.825937281108569E-28,9.530272227441964E-39,1.056225727880019E-16,2.570487867065969E-16,Iris-versicolor,2
3.0208295073919206E-28,7.7654070001379E-39,1.1592721403561178E-16,3.855731800598951E-16,Iris-versicolor,2
2.7284911679668947E-28,8.824326136520336E-39,1.004702521641969E-16,2.8275366537725645E-16,Iris-versicolor,2
2.8746603376794077E-28,1.1295137454746032E-38,1.2365569497131932E-16,4.626878160718744E-16,Iris-versicolor,2
2.972106450821082E-28,9.883245272902779E-39,1.0304641247609945E-16,3.3416342271857577E-16,Iris-versicolor,2
3.0695525639627576E-28,8.824326136520336E-39,1.2623185528322186E-16,3.855731800598951E-16,Iris-versicolor,2
2.972106450821082E-28,9.883245272902779E-39,1.2107953465941682E-16,3.0845854404791604E-16,Iris-versicolor,2
3.1182756205335937E-28,1.0236218318363589E-38,1.1077489341180689E-16,3.3416342271857577E-16,Iris-versicolor,2
3.2157217336752714E-28,1.0589191363824397E-38,1.1335105372370938E-16,3.598683013892353E-16,Iris-versicolor,2
3.313167846816941E-28,9.883245272902779E-39,1.2365569497131932E-16,3.598683013892353E-16,Iris-versicolor,2
3.2644447902461066E-28,1.0589191363824397E-38,1.2880801559512439E-16,4.3698293740121466E-16,Iris-versicolor,2
2.9233833942502433E-28,1.0236218318363589E-38,1.1592721403561178E-16,3.855731800598951E-16,Iris-versicolor,2
2.777214224537732E-28,9.177299181981147E-39,9.016561091658697E-17,2.570487867065969E-16,Iris-versicolor,2
2.6797681113960573E-28,8.47135309105952E-39,9.78940918522944E-17,2.8275366537725645E-16,Iris-versicolor,2
2.6797681113960573E-28,8.47135309105952E-39,9.531793154039194E-17,2.570487867065969E-16,Iris-versicolor,2
2.825937281108569E-28,9.530272227441964E-39,1.004702521641969E-16,3.0845854404791604E-16,Iris-versicolor,2
2.9233833942502433E-28,9.530272227441964E-39,1.3138417590702679E-16,4.11278058730555E-16,Iris-versicolor,2
2.631045054825221E-28,1.0589191363824397E-38,1.1592721403561178E-16,3.855731800598951E-16,Iris-versicolor,2
2.9233833942502433E-28,1.2001083545667652E-38,1.1592721403561178E-16,4.11278058730555E-16,Iris-versicolor,2
3.2644447902461066E-28,1.0942164409285208E-38,1.2107953465941682E-16,3.855731800598951E-16,Iris-versicolor,2
3.0695525639627576E-28,8.118380045598708E-39,1.1335105372370938E-16,3.3416342271857577E-16,Iris-versicolor,2
2.7284911679668947E-28,1.0589191363824397E-38,1.056225727880019E-16,3.3416342271857577E-16,Iris-versicolor,2
2.6797681113960573E-28,8.824326136520336E-39,1.0304641247609945E-16,3.3416342271857577E-16,Iris-versicolor,2
2.6797681113960573E-28,9.177299181981147E-39,1.1335105372370938E-16,3.0845854404791604E-16,Iris-versicolor,2
2.972106450821082E-28,1.0589191363824397E-38,1.1850337434751435E-16,3.598683013892353E-16,Iris-versicolor,2
2.825937281108569E-28,9.177299181981147E-39,1.0304641247609945E-16,3.0845854404791604E-16,Iris-versicolor,2
2.4361528285418703E-28,8.118380045598708E-39,8.501329029278199E-17,2.570487867065969E-16,Iris-versicolor,2
2.7284911679668947E-28,9.530272227441964E-39,1.0819873309990437E-16,3.3416342271857577E-16,Iris-versicolor,2
2.777214224537732E-28,1.0589191363824397E-38,1.0819873309990437E-16,3.0845854404791604E-16,Iris-versicolor,2
2.777214224537732E-28,1.0236218318363589E-38,1.0819873309990437E-16,3.3416342271857577E-16,Iris-versicolor,2
3.0208295073919206E-28,1.0236218318363589E-38,1.1077489341180689E-16,3.3416342271857577E-16,Iris-versicolor,2
2.4848758851127078E-28,8.824326136520336E-39,7.728480935707458E-17,2.8275366537725645E-16,Iris-versicolor,2
2.777214224537732E-28,9.883245272902779E-39,1.056225727880019E-16,3.3416342271857577E-16,Iris-versicolor,2
2.825937281108569E-28,9.530272227441964E-39,1.3138417590702679E-16,4.883926947425337E-16,Iris-virginica,2
3.0695525639627576E-28,1.0236218318363589E-38,1.442649774665392E-16,4.626878160718744E-16,Iris-virginica,2
2.3874297719710314E-28,8.824326136520336E-39,1.1592721403561178E-16,4.3698293740121466E-16,Iris-virginica,2
3.556783129671129E-28,1.0236218318363589E-38,1.6229809964985663E-16,4.626878160718744E-16,Iris-virginica,2
3.2644447902461066E-28,8.824326136520336E-39,1.4941729809034412E-16,4.626878160718744E-16,Iris-virginica,2
3.166998677104434E-28,1.1295137454746032E-38,1.3138417590702679E-16,5.140975734131938E-16,Iris-virginica,2
3.1182756205335937E-28,9.530272227441964E-39,1.365364965308317E-16,4.883926947425337E-16,Iris-virginica,2
2.777214224537732E-28,8.824326136520336E-39,1.2880801559512439E-16,5.140975734131938E-16,Iris-virginica,2
3.166998677104434E-28,1.0589191363824397E-38,1.4168881715463663E-16,4.626878160718744E-16,Iris-virginica,2
2.9233833942502433E-28,7.7654070001379E-39,1.2880801559512439E-16,3.855731800598951E-16,Iris-virginica,2
2.7284911679668947E-28,9.883245272902779E-39,1.2623185528322186E-16,5.140975734131938E-16,Iris-virginica,2
3.7516753559544824E-28,9.883245272902779E-39,1.7260274089746653E-16,5.140975734131938E-16,Iris-virginica,2
3.0695525639627576E-28,9.530272227441964E-39,1.2623185528322186E-16,4.626878160718744E-16,Iris-virginica,2
3.508060073100292E-28,1.1295137454746032E-38,1.5456961871414917E-16,4.626878160718744E-16,Iris-virginica,2
3.0208295073919206E-28,9.883245272902779E-39,1.2365569497131932E-16,4.626878160718744E-16,Iris-virginica,2
2.972106450821082E-28,1.0589191363824397E-38,1.2623185528322186E-16,4.626878160718744E-16,Iris-virginica,2
3.508060073100292E-28,1.0589191363824397E-38,1.4941729809034412E-16,4.11278058730555E-16,Iris-virginica,2
3.6055061862419695E-28,9.883245272902779E-39,1.5714577902605156E-16,4.883926947425337E-16,Iris-virginica,2
3.8491214690961556E-28,1.3412975727510905E-38,1.6487425996175896E-16,5.140975734131938E-16,Iris-virginica,2
3.0695525639627576E-28,9.883245272902779E-39,1.3138417590702679E-16,3.855731800598951E-16,Iris-virginica,2
2.972106450821082E-28,9.177299181981147E-39,1.442649774665392E-16,3.598683013892353E-16,Iris-virginica,2
3.1182756205335937E-28,1.0942164409285208E-38,1.4168881715463663E-16,4.626878160718744E-16,Iris-virginica,2
2.9233833942502433E-28,1.0589191363824397E-38,1.2365569497131932E-16,4.626878160718744E-16,Iris-virginica,2
2.825937281108569E-28,9.530272227441964E-39,1.3138417590702679E-16,4.883926947425337E-16,Iris-virginica,2
3.0695525639627576E-28,8.824326136520336E-39,1.2880801559512439E-16,4.883926947425337E-16,Iris-virginica,2
3.166998677104434E-28,1.0589191363824397E-38,1.3396033621892936E-16,5.140975734131938E-16,Iris-virginica,2
2.8746603376794077E-28,1.0589191363824397E-38,1.3138417590702679E-16,4.626878160718744E-16,Iris-virginica,2
