0.06802629842118862,0.018974530364401523,0.09577032939254036,0.017107335917064505,Iris-setosa,0
0.06535860044388711,0.016263883169487018,0.09577032939254036,0.017107335917064505,Iris-setosa,0
0.0626909024665856,0.01734814204745282,0.08892959157878749,0.017107335917064505,Iris-setosa,0
0.06135705347793483,0.016806012608469915,0.10261106720629325,0.017107335917064505,Iris-setosa,0
0.06669244943253787,0.019516659803384424,0.09577032939254036,0.017107335917064505,Iris-setosa,0
0.07202784538714091,0.021143048120333126,0.11629254283379901,0.03421467183412901,Iris-setosa,0
0.06135705347793483,0.01843240092541862,0.09577032939254036,0.02566100387559675,Iris-setosa,0
0.06669244943253787,0.01843240092541862,0.10261106720629325,0.017107335917064505,Iris-setosa,0
0.05868935550063333,0.015721753730504117,0.09577032939254036,0.017107335917064505,Iris-setosa,0
0.06535860044388711,0.016806012608469915,0.10261106720629325,0.008553667958532253,Iris-setosa,0
0.07202784538714091,0.020058789242367325,0.10261106720629325,0.017107335917064505,Iris-setosa,0
0.06402475145523637,0.01843240092541862,0.10945180502004613,0.017107335917064505,Iris-setosa,0
0.06402475145523637,0.016263883169487018,0.09577032939254036,0.008553667958532253,Iris-setosa,0
0.05735550651198257,0.016263883169487018,0.07524811595128172,0.008553667958532253,Iris-setosa,0
0.07736324134174392,0.021685177559316024,0.0820888537650346,0.017107335917064505,Iris-setosa,0
0.07602939235309317,0.02385369531524763,0.10261106720629325,0.03421467183412901,Iris-setosa,0
0.07202784538714091,0.021143048120333126,0.08892959157878749,0.03421467183412901,Iris-setosa,0
0.06802629842118862,0.018974530364401523,0.09577032939254036,0.02566100387559675,Iris-setosa,0
0.07602939235309317,0.020600918681350222,0.11629254283379901,0.02566100387559675,Iris-setosa,0
0.06802629842118862,0.020600918681350222,0.10261106720629325,0.02566100387559675,Iris-setosa,0
0.07202784538714091,0.01843240092541862,0.11629254283379901,0.017107335917064505,Iris-setosa,0
0.06802629842118862,0.020058789242367325,0.10261106720629325,0.03421467183412901,Iris-setosa,0
0.06135705347793483,0.019516659803384424,0.06840737813752884,0.017107335917064505,Iris-setosa,0
0.06802629842118862,0.017890271486435717,0.11629254283379901,0.04276833979266126,Iris-setosa,0
0.06402475145523637,0.01843240092541862,0.12997401846130477,0.017107335917064505,Iris-setosa,0
0.06669244943253787,0.016263883169487018,0.10945180502004613,0.017107335917064505,Iris-setosa,0
0.06669244943253787,0.01843240092541862,0.10945180502004613,0.03421467183412901,Iris-setosa,0
0.06936014740983938,0.018974530364401523,0.10261106720629325,0.017107335917064505,Iris-setosa,0
0.06936014740983938,0.01843240092541862,0.09577032939254036,0.017107335917064505,Iris-setosa,0
0.0626909024665856,0.01734814204745282,0.10945180502004613,0.017107335917064505,Iris-setosa,0
0.06402475145523637,0.016806012608469915,0.10945180502004613,0.017107335917064505,Iris-setosa,0
0.07202784538714091,0.01843240092541862,0.10261106720629325,0.03421467183412901,Iris-setosa,0
0.06936014740983938,0.022227306998298925,0.10261106720629325,0.008553667958532253,Iris-setosa,0
0.07336169437579165,0.022769436437281826,0.09577032939254036,0.017107335917064505,Iris-setosa,0
0.06535860044388711,0.016806012608469915,0.10261106720629325,0.008553667958532253,Iris-setosa,0
0.06669244943253787,0.01734814204745282,0.0820888537650346,0.017107335917064505,Iris-setosa,0
0.07336169437579165,0.018974530364401523,0.08892959157878749,0.017107335917064505,Iris-setosa,0
0.06535860044388711,0.016806012608469915,0.10261106720629325,0.008553667958532253,Iris-setosa,0
0.05868935550063333,0.016263883169487018,0.08892959157878749,0.017107335917064505,Iris-setosa,0
0.06802629842118862,0.01843240092541862,0.10261106720629325,0.017107335917064505,Iris-setosa,0
0.06669244943253787,0.018974530364401523,0.08892959157878749,0.02566100387559675,Iris-setosa,0
0.06002320448928409,0.012468977096606715,0.08892959157878749,0.02566100387559675,Iris-setosa,0
0.05868935550063333,0.01734814204745282,0.08892959157878749,0.017107335917064505,Iris-setosa,0
0.06669244943253787,0.018974530364401523,0.10945180502004613,0.0513220077511935,Iris-setosa,0
0.06802629842118862,0.020600918681350222,0.12997401846130477,0.03421467183412901,Iris-setosa,0
0.06402475145523637,0.016263883169487018,0.09577032939254036,0.02566100387559675,Iris-setosa,0
0.06802629842118862,0.020600918681350222,0.10945180502004613,0.017107335917064505,Iris-setosa,0
0.06135705347793483,0.01734814204745282,0.09577032939254036,0.017107335917064505,Iris-setosa,0
0.07069399639849015,0.020058789242367325,0.10261106720629325,0.017107335917064505,Iris-setosa,0
0.06669244943253787,0.017890271486435717,0.09577032939254036,0.017107335917064505,Iris-setosa,0
0.08403248628499771,0.017890271486435717,0.410444268825173,0.2138416989633063,Iris-virginica,1
0.07736324134174392,0.014637494852538319,0.348877628501397,0.1625196912121128,Iris-virginica,1
0.0947032781942038,0.016263883169487018,0.40360353101142016,0.17962702712917727,Iris-virginica,1
0.08403248628499771,0.015721753730504117,0.38308131757016145,0.15396602325358053,Iris-virginica,1
0.08670018426229924,0.016263883169487018,0.3967627931976672,0.18818069508770954,Iris-virginica,1
0.10137252313745757,0.016263883169487018,0.4514886957076903,0.17962702712917727,Iris-virginica,1
0.09737097617150528,0.015721753730504117,0.4309664822664317,0.15396602325358053,Iris-virginica,1
0.08936788223960075,0.013553235974572515,0.3967627931976672,0.15396602325358053,Iris-virginica,1
0.09603712718285455,0.019516659803384424,0.4172850066389258,0.2138416989633063,Iris-virginica,1
0.08670018426229924,0.01734814204745282,0.348877628501397,0.17107335917064503,Iris-virginica,1
0.08536633527364848,0.014637494852538319,0.3625591041289028,0.1625196912121128,Iris-virginica,1
0.0907017312282515,0.016263883169487018,0.37624057975640857,0.17962702712917727,Iris-virginica,1
0.07602939235309317,0.013553235974572515,0.3420368906876442,0.17107335917064503,Iris-virginica,1
0.07736324134174392,0.015179624291521218,0.348877628501397,0.205288031004774,Iris-virginica,1
0.08536633527364848,0.01734814204745282,0.3625591041289028,0.19673436304624176,Iris-virginica,1
0.08670018426229924,0.016263883169487018,0.37624057975640857,0.15396602325358053,Iris-virginica,1
0.10270637212610834,0.020600918681350222,0.4583294335214431,0.18818069508770954,Iris-virginica,1
0.10270637212610834,0.014095365413555416,0.47201090914894894,0.19673436304624176,Iris-virginica,1
0.09203558021690227,0.01734814204745282,0.3899220553839143,0.19673436304624176,Iris-virginica,1
0.07469554336444242,0.015179624291521218,0.3351961528738913,0.17107335917064503,Iris-virginica,1
0.10270637212610834,0.015179624291521218,0.4583294335214431,0.17107335917064503,Iris-virginica,1
0.08936788223960075,0.017890271486435717,0.3899220553839143,0.17962702712917727,Iris-virginica,1
0.09603712718285455,0.01734814204745282,0.410444268825173,0.15396602325358053,Iris-virginica,1
0.08536633527364848,0.015179624291521218,0.38308131757016145,0.17962702712917727,Iris-virginica,1
0.09603712718285455,0.016263883169487018,0.3967627931976672,0.13685868733651604,Iris-virginica,1
0.09870482516015605,0.015179624291521218,0.4172850066389258,0.1625196912121128,Iris-virginica,1
0.10537407010340982,0.020600918681350222,0.4378072200801845,0.17107335917064503,Iris-virginica,1
0.08536633527364848,0.015179624291521218,0.38308131757016145,0.18818069508770954,Iris-virginica,1
0.08136478830769621,0.014095365413555416,0.38308131757016145,0.11975135141945151,Iris-virginica,1
0.10270637212610834,0.016263883169487018,0.4172850066389258,0.19673436304624176,Iris-virginica,1
0.08403248628499771,0.01843240092541862,0.38308131757016145,0.205288031004774,Iris-virginica,1
0.08536633527364848,0.016806012608469915,0.37624057975640857,0.15396602325358053,Iris-virginica,1
0.09203558021690227,0.016806012608469915,0.3693998419426557,0.17962702712917727,Iris-virginica,1
0.08936788223960075,0.016806012608469915,0.38308131757016145,0.205288031004774,Iris-virginica,1
0.09203558021690227,0.016806012608469915,0.348877628501397,0.19673436304624176,Iris-virginica,1
0.07736324134174392,0.014637494852538319,0.348877628501397,0.1625196912121128,Iris-virginica,1
0.0907017312282515,0.01734814204745282,0.40360353101142016,0.19673436304624176,Iris-virginica,1
0.08936788223960075,0.017890271486435717,0.3899220553839143,0.2138416989633063,Iris-virginica,1
0.08936788223960075,0.016263883169487018,0.35571836631514997,0.19673436304624176,Iris-virginica,1
0.08403248628499771,0.013553235974572515,0.3420368906876442,0.1625196912121128,Iris-virginica,1
0.08670018426229924,0.016263883169487018,0.35571836631514997,0.17107335917064503,Iris-virginica,1
0.08269863729634697,0.01843240092541862,0.3693998419426557,0.19673436304624176,Iris-virginica,1
0.0786970903303947,0.016263883169487018,0.348877628501397,0.15396602325358053,Iris-virginica,1
0.09336942920555302,0.01734814204745282,0.3215146772463855,0.11975135141945151,Iris-versicolor,2
0.08536633527364848,0.01734814204745282,0.3078332016188797,0.12830501937798378,Iris-versicolor,2
0.09203558021690227,0.016806012608469915,0.3351961528738913,0.12830501937798378,Iris-versicolor,2
0.07336169437579165,0.012468977096606715,0.27362951255011536,0.11119768346091927,Iris-versicolor,2
0.08670018426229924,0.015179624291521218,0.3146739394326326,0.12830501937798378,Iris-versicolor,2
0.07602939235309317,0.015179624291521218,0.3078332016188797,0.11119768346091927,Iris-versicolor,2
0.08403248628499771,0.017890271486435717,0.3215146772463855,0.13685868733651604,Iris-versicolor,2
0.06535860044388711,0.013011106535589614,0.22574434785384515,0.08553667958532252,Iris-versicolor,2
0.08803403325095001,0.015721753730504117,0.3146739394326326,0.11119768346091927,Iris-versicolor,2
0.06936014740983938,0.014637494852538319,0.2667887747363624,0.11975135141945151,Iris-versicolor,2
0.06669244943253787,0.010842588779658012,0.23942582348135089,0.08553667958532252,Iris-versicolor,2
0.0786970903303947,0.016263883169487018,0.28731098817762113,0.12830501937798378,Iris-versicolor,2
0.08003093931904544,0.011926847657623816,0.27362951255011536,0.08553667958532252,Iris-versicolor,2
0.08136478830769621,0.015721753730504117,0.3215146772463855,0.11975135141945151,Iris-versicolor,2
0.07469554336444242,0.015721753730504117,0.2462665612951038,0.11119768346091927,Iris-versicolor,2
0.08936788223960075,0.016806012608469915,0.3009924638051269,0.11975135141945151,Iris-versicolor,2
0.07469554336444242,0.016263883169487018,0.3078332016188797,0.12830501937798378,Iris-versicolor,2
0.07736324134174392,0.014637494852538319,0.2804702503638682,0.08553667958532252,Iris-versicolor,2
0.08269863729634697,0.011926847657623816,0.3078332016188797,0.12830501937798378,Iris-versicolor,2
0.07469554336444242,0.013553235974572515,0.2667887747363624,0.09409034754385477,Iris-versicolor,2
0.0786970903303947,0.01734814204745282,0.3283554150601384,0.15396602325358053,Iris-versicolor,2
0.08136478830769621,0.015179624291521218,0.27362951255011536,0.11119768346091927,Iris-versicolor,2
0.08403248628499771,0.013553235974572515,0.3351961528738913,0.12830501937798378,Iris-versicolor,2
0.08136478830769621,0.015179624291521218,0.3215146772463855,0.102644015502387,Iris-versicolor,2
0.08536633527364848,0.015721753730504117,0.29415172599137396,0.11119768346091927,Iris-versicolor,2
0.08803403325095001,0.016263883169487018,0.3009924638051269,0.11975135141945151,Iris-versicolor,2
0.0907017312282515,0.015179624291521218,0.3283554150601384,0.11975135141945151,Iris-versicolor,2
0.08936788223960075,0.016263883169487018,0.3420368906876442,0.14541235529504826,Iris-versicolor,2
0.08003093931904544,0.015721753730504117,0.3078332016188797,0.12830501937798378,Iris-versicolor,2
0.07602939235309317,0.014095365413555416,0.23942582348135089,0.08553667958532252,Iris-versicolor,2
0.07336169437579165,0.013011106535589614,0.25994803692260954,0.09409034754385477,Iris-versicolor,2
0.07336169437579165,0.013011106535589614,0.2531072991088567,0.08553667958532252,Iris-versicolor,2
0.07736324134174392,0.014637494852538319,0.2667887747363624,0.102644015502387,Iris-versicolor,2
0.08003093931904544,0.014637494852538319,0.348877628501397,0.13685868733651604,Iris-versicolor,2
0.07202784538714091,0.016263883169487018,0.3078332016188797,0.12830501937798378,Iris-versicolor,2
0.08003093931904544,0.01843240092541862,0.3078332016188797,0.13685868733651604,Iris-versicolor,2
0.08936788223960075,0.016806012608469915,0.3215146772463855,0.12830501937798378,Iris-versicolor,2
0.08403248628499771,0.012468977096606715,0.3009924638051269,0.11119768346091927,Iris-versicolor,2
0.07469554336444242,0.016263883169487018,0.2804702503638682,0.11119768346091927,Iris-versicolor,2
0.07336169437579165,0.013553235974572515,0.27362951255011536,0.11119768346091927,Iris-versicolor,2
0.07336169437579165,0.014095365413555416,0.3009924638051269,0.102644015502387,Iris-versicolor,2
0.08136478830769621,0.016263883169487018,0.3146739394326326,0.11975135141945151,Iris-versicolor,2
0.07736324134174392,0.014095365413555416,0.27362951255011536,0.102644015502387,Iris-versicolor,2
0.06669244943253787,0.012468977096606715,0.22574434785384515,0.08553667958532252,Iris-versicolor,2
0.07469554336444242,0.014637494852538319,0.28731098817762113,0.11119768346091927,Iris-versicolor,2
0.07602939235309317,0.016263883169487018,0.28731098817762113,0.102644015502387,Iris-versicolor,2
0.07602939235309317,0.015721753730504117,0.28731098817762113,0.11119768346091927,Iris-versicolor,2
0.08269863729634697,0.015721753730504117,0.29415172599137396,0.11119768346091927,Iris-versicolor,2
0.06802629842118862,0.013553235974572515,0.2052221344125865,0.09409034754385477,Iris-versicolor,2
0.07602939235309317,0.015179624291521218,0.2804702503638682,0.11119768346091927,Iris-versicolor,2
0.06535860044388711,0.013553235974572515,0.3078332016188797,0.14541235529504826,Iris-virginica,2
0.08003093931904544,0.011926847657623816,0.3420368906876442,0.12830501937798378,Iris-virginica,2
0.08403248628499771,0.014637494852538319,0.3351961528738913,0.15396602325358053,Iris-virginica,2
0.08269863729634697,0.015179624291521218,0.3283554150601384,0.15396602325358053,Iris-virginica,2
0.08136478830769621,0.016263883169487018,0.3351961528738913,0.15396602325358053,Iris-virginica,2
0.08403248628499771,0.015179624291521218,0.348877628501397,0.12830501937798378,Iris-virginica,2
0.08003093931904544,0.016263883169487018,0.3283554150601384,0.15396602325358053,Iris-virginica,2
