0.88366,0.6019805555555555,0.51974011299435,0.07941666666666673,Iris-setosa,0
0.8490066666666668,0.5159833333333332,0.51974011299435,0.07941666666666673,Iris-setosa,0
0.8143533333333334,0.5503822222222222,0.4826158192090393,0.07941666666666673,Iris-setosa,0
0.7970266666666667,0.5331827777777777,0.5568644067796606,0.07941666666666673,Iris-setosa,0
0.8663333333333334,0.61918,0.51974011299435,0.07941666666666673,Iris-setosa,0
0.9356400000000001,0.6707783333333333,0.6311129943502821,0.15883333333333347,Iris-setosa,0
0.7970266666666667,0.584781111111111,0.51974011299435,0.11912500000000008,Iris-setosa,0
0.8663333333333334,0.584781111111111,0.5568644067796606,0.07941666666666673,Iris-setosa,0
0.7623733333333335,0.4987838888888888,0.51974011299435,0.07941666666666673,Iris-setosa,0
0.8490066666666668,0.5331827777777777,0.5568644067796606,0.039708333333333366,Iris-setosa,0
0.9356400000000001,0.6363794444444444,0.5568644067796606,0.07941666666666673,Iris-setosa,0
0.8316800000000001,0.584781111111111,0.5939887005649714,0.07941666666666673,Iris-setosa,0
0.8316800000000001,0.5159833333333332,0.51974011299435,0.039708333333333366,Iris-setosa,0
0.7450466666666667,0.5159833333333332,0.40836723163841787,0.039708333333333366,Iris-setosa,0
1.0049466666666667,0.6879777777777777,0.44549152542372855,0.07941666666666673,Iris-setosa,0
0.98762,0.7567755555555555,0.5568644067796606,0.15883333333333347,Iris-setosa,0
0.9356400000000001,0.6707783333333333,0.4826158192090393,0.15883333333333347,Iris-setosa,0
0.88366,0.6019805555555555,0.51974011299435,0.11912500000000008,Iris-setosa,0
0.98762,0.6535788888888888,0.6311129943502821,0.11912500000000008,Iris-setosa,0
0.88366,0.6535788888888888,0.5568644067796606,0.11912500000000008,Iris-setosa,0
0.9356400000000001,0.584781111111111,0.6311129943502821,0.07941666666666673,Iris-setosa,0
0.88366,0.6363794444444444,0.5568644067796606,0.15883333333333347,Iris-setosa,0
0.7970266666666667,0.61918,0.37124293785310714,0.07941666666666673,Iris-setosa,0
0.88366,0.5675816666666665,0.6311129943502821,0.1985416666666668,Iris-setosa,0
0.8316800000000001,0.584781111111111,0.7053615819209035,0.07941666666666673,Iris-setosa,0
0.8663333333333334,0.5159833333333332,0.5939887005649714,0.07941666666666673,Iris-setosa,0
0.8663333333333334,0.584781111111111,0.5939887005649714,0.15883333333333347,Iris-setosa,0
0.9009866666666667,0.6019805555555555,0.5568644067796606,0.07941666666666673,Iris-setosa,0
0.9009866666666667,0.584781111111111,0.51974011299435,0.07941666666666673,Iris-setosa,0
0.8143533333333334,0.5503822222222222,0.5939887005649714,0.07941666666666673,Iris-setosa,0
0.8316800000000001,0.5331827777777777,0.5939887005649714,0.07941666666666673,Iris-setosa,0
0.9356400000000001,0.584781111111111,0.5568644067796606,0.15883333333333347,Iris-setosa,0
0.9009866666666667,0.7051772222222221,0.5568644067796606,0.039708333333333366,Iris-setosa,0
0.9529666666666667,0.7223766666666666,0.51974011299435,0.07941666666666673,Iris-setosa,0
0.8490066666666668,0.5331827777777777,0.5568644067796606,0.039708333333333366,Iris-setosa,0
0.8663333333333334,0.5503822222222222,0.44549152542372855,0.07941666666666673,Iris-setosa,0
0.9529666666666667,0.6019805555555555,0.4826158192090393,0.07941666666666673,Iris-setosa,0
0.8490066666666668,0.5331827777777777,0.5568644067796606,0.039708333333333366,Iris-setosa,0
0.7623733333333335,0.5159833333333332,0.4826158192090393,0.07941666666666673,Iris-setosa,0
0.88366,0.584781111111111,0.5568644067796606,0.07941666666666673,Iris-setosa,0
0.8663333333333334,0.6019805555555555,0.4826158192090393,0.11912500000000008,Iris-setosa,0
0.7797000000000001,0.39558722222222215,0.4826158192090393,0.11912500000000008,Iris-setosa,0
0.7623733333333335,0.5503822222222222,0.4826158192090393,0.07941666666666673,Iris-setosa,0
0.8663333333333334,0.6019805555555555,0.5939887005649714,0.23825000000000016,Iris-setosa,0
0.88366,0.6535788888888888,0.7053615819209035,0.15883333333333347,Iris-setosa,0
0.8316800000000001,0.5159833333333332,0.51974011299435,0.11912500000000008,Iris-setosa,0
0.88366,0.6535788888888888,0.5939887005649714,0.07941666666666673,Iris-setosa,0
0.7970266666666667,0.5503822222222222,0.51974011299435,0.07941666666666673,Iris-setosa,0
0.9183133333333334,0.6363794444444444,0.5568644067796606,0.07941666666666673,Iris-setosa,0
0.8663333333333334,0.5675816666666665,0.51974011299435,0.07941666666666673,Iris-setosa,0
1.1608866666666668,0.5159833333333332,1.8562146892655358,0.6750416666666671,Iris-versicolor,1
1.09158,0.5675816666666665,2.2274576271186426,0.9927083333333341,Iris-virginica,1
1.0049466666666667,0.464385,1.8933389830508462,0.7544583333333339,Iris-virginica,1
1.2301933333333335,0.5159833333333332,2.1903333333333324,0.8338750000000006,Iris-virginica,1
1.09158,0.4987838888888888,2.0789604519774,0.7147500000000006,Iris-virginica,1
1.1262333333333334,0.5159833333333332,2.1532090395480212,0.873583333333334,Iris-virginica,1
1.3168266666666668,0.5159833333333332,2.450203389830507,0.8338750000000006,Iris-virginica,1
1.2648466666666667,0.4987838888888888,2.338830508474575,0.7147500000000006,Iris-virginica,1
1.1608866666666668,0.42998611111111107,2.1532090395480212,0.7147500000000006,Iris-virginica,1
1.2475200000000002,0.61918,2.2645819209039533,0.9927083333333341,Iris-virginica,1
1.1262333333333334,0.5503822222222222,1.8933389830508462,0.7941666666666672,Iris-virginica,1
1.1089066666666667,0.464385,1.9675875706214678,0.7544583333333339,Iris-virginica,1
1.1782133333333333,0.5159833333333332,2.041836158192089,0.8338750000000006,Iris-virginica,1
0.98762,0.42998611111111107,1.8562146892655358,0.7941666666666672,Iris-virginica,1
1.0049466666666667,0.48158444444444437,1.8933389830508462,0.9530000000000006,Iris-virginica,1
1.1089066666666667,0.5503822222222222,1.9675875706214678,0.9132916666666673,Iris-virginica,1
1.1262333333333334,0.5159833333333332,2.041836158192089,0.7147500000000006,Iris-virginica,1
1.3341533333333335,0.6535788888888888,2.487327683615818,0.873583333333334,Iris-virginica,1
1.3341533333333335,0.4471855555555555,2.561576271186439,0.9132916666666673,Iris-virginica,1
1.19554,0.5503822222222222,2.1160847457627106,0.9132916666666673,Iris-virginica,1
1.3341533333333335,0.48158444444444437,2.487327683615818,0.7941666666666672,Iris-virginica,1
1.1608866666666668,0.5675816666666665,2.1160847457627106,0.8338750000000006,Iris-virginica,1
1.2475200000000002,0.5503822222222222,2.2274576271186426,0.7147500000000006,Iris-virginica,1
1.1089066666666667,0.48158444444444437,2.0789604519774,0.8338750000000006,Iris-virginica,1
1.2475200000000002,0.5159833333333332,2.1532090395480212,0.6353333333333339,Iris-virginica,1
1.2821733333333334,0.48158444444444437,2.2645819209039533,0.7544583333333339,Iris-virginica,1
1.3688066666666667,0.6535788888888888,2.3759548022598858,0.7941666666666672,Iris-virginica,1
1.1089066666666667,0.48158444444444437,2.0789604519774,0.873583333333334,Iris-virginica,1
1.0569266666666668,0.4471855555555555,2.0789604519774,0.5559166666666671,Iris-virginica,1
1.3341533333333335,0.5159833333333332,2.2645819209039533,0.9132916666666673,Iris-virginica,1
1.09158,0.584781111111111,2.0789604519774,0.9530000000000006,Iris-virginica,1
1.1089066666666667,0.5331827777777777,2.041836158192089,0.7147500000000006,Iris-virginica,1
1.19554,0.5331827777777777,2.0047118644067785,0.8338750000000006,Iris-virginica,1
1.1608866666666668,0.5331827777777777,2.0789604519774,0.9530000000000006,Iris-virginica,1
1.19554,0.5331827777777777,1.8933389830508462,0.9132916666666673,Iris-virginica,1
1.0049466666666667,0.464385,1.8933389830508462,0.7544583333333339,Iris-virginica,1
1.1782133333333333,0.5503822222222222,2.1903333333333324,0.9132916666666673,Iris-virginica,1
1.1608866666666668,0.5675816666666665,2.1160847457627106,0.9927083333333341,Iris-virginica,1
1.1608866666666668,0.5159833333333332,1.9304632768361571,0.9132916666666673,Iris-virginica,1
1.09158,0.42998611111111107,1.8562146892655358,0.7544583333333339,Iris-virginica,1
1.1262333333333334,0.5159833333333332,1.9304632768361571,0.7941666666666672,Iris-virginica,1
1.0742533333333335,0.584781111111111,2.0047118644067785,0.9132916666666673,Iris-virginica,1
1.0222733333333334,0.5159833333333332,1.8933389830508462,0.7147500000000006,Iris-virginica,1
1.2128666666666668,0.5503822222222222,1.7448418079096035,0.5559166666666671,Iris-versicolor,2
1.1089066666666667,0.5503822222222222,1.6705932203389822,0.5956250000000004,Iris-versicolor,2
1.19554,0.5331827777777777,1.819090395480225,0.5956250000000004,Iris-versicolor,2
0.9529666666666667,0.39558722222222215,1.4849717514124285,0.5162083333333337,Iris-versicolor,2
1.1262333333333334,0.48158444444444437,1.7077175141242926,0.5956250000000004,Iris-versicolor,2
0.98762,0.48158444444444437,1.6705932203389822,0.5162083333333337,Iris-versicolor,2
1.09158,0.5675816666666665,1.7448418079096035,0.6353333333333339,Iris-versicolor,2
0.8490066666666668,0.4127866666666666,1.2251016949152536,0.3970833333333336,Iris-versicolor,2
1.1435600000000001,0.4987838888888888,1.7077175141242926,0.5162083333333337,Iris-versicolor,2
0.9009866666666667,0.464385,1.4478474576271179,0.5559166666666671,Iris-versicolor,2
0.8663333333333334,0.34398888888888884,1.299350282485875,0.3970833333333336,Iris-versicolor,2
1.0222733333333334,0.5159833333333332,1.5592203389830501,0.5956250000000004,Iris-versicolor,2
1.0396,0.37838777777777777,1.4849717514124285,0.3970833333333336,Iris-versicolor,2
1.0569266666666668,0.4987838888888888,1.7448418079096035,0.5559166666666671,Iris-versicolor,2
0.9702933333333333,0.4987838888888888,1.3364745762711858,0.5162083333333337,Iris-versicolor,2
1.1608866666666668,0.5331827777777777,1.6334689265536715,0.5559166666666671,Iris-versicolor,2
0.9702933333333333,0.5159833333333332,1.6705932203389822,0.5956250000000004,Iris-versicolor,2
1.0049466666666667,0.464385,1.5220960451977392,0.3970833333333336,Iris-versicolor,2
1.0742533333333335,0.37838777777777777,1.6705932203389822,0.5956250000000004,Iris-versicolor,2
0.9702933333333333,0.42998611111111107,1.4478474576271179,0.436791666666667,Iris-versicolor,2
1.0222733333333334,0.5503822222222222,1.7819661016949142,0.7147500000000006,Iris-versicolor,2
1.0569266666666668,0.48158444444444437,1.4849717514124285,0.5162083333333337,Iris-versicolor,2
1.09158,0.42998611111111107,1.819090395480225,0.5956250000000004,Iris-versicolor,2
1.0569266666666668,0.48158444444444437,1.7448418079096035,0.4765000000000003,Iris-versicolor,2
1.1089066666666667,0.4987838888888888,1.5963446327683606,0.5162083333333337,Iris-versicolor,2
1.1435600000000001,0.5159833333333332,1.6334689265536715,0.5559166666666671,Iris-versicolor,2
1.1782133333333333,0.48158444444444437,1.7819661016949142,0.5559166666666671,Iris-versicolor,2
1.0396,0.4987838888888888,1.6705932203389822,0.5956250000000004,Iris-versicolor,2
0.98762,0.4471855555555555,1.299350282485875,0.3970833333333336,Iris-versicolor,2
0.9529666666666667,0.4127866666666666,1.410723163841807,0.436791666666667,Iris-versicolor,2
0.9529666666666667,0.4127866666666666,1.3735988700564965,0.3970833333333336,Iris-versicolor,2
1.0049466666666667,0.464385,1.4478474576271179,0.4765000000000003,Iris-versicolor,2
1.0396,0.464385,1.8933389830508462,0.6353333333333339,Iris-versicolor,2
0.9356400000000001,0.5159833333333332,1.6705932203389822,0.5956250000000004,Iris-versicolor,2
1.0396,0.584781111111111,1.6705932203389822,0.6353333333333339,Iris-versicolor,2
1.1608866666666668,0.5331827777777777,1.7448418079096035,0.5956250000000004,Iris-versicolor,2
1.09158,0.39558722222222215,1.6334689265536715,0.5162083333333337,Iris-versicolor,2
0.9702933333333333,0.5159833333333332,1.5220960451977392,0.5162083333333337,Iris-versicolor,2
0.9529666666666667,0.42998611111111107,1.4849717514124285,0.5162083333333337,Iris-versicolor,2
0.9529666666666667,0.4471855555555555,1.6334689265536715,0.4765000000000003,Iris-versicolor,2
1.0569266666666668,0.5159833333333332,1.7077175141242926,0.5559166666666671,Iris-versicolor,2
1.0049466666666667,0.4471855555555555,1.4849717514124285,0.4765000000000003,Iris-versicolor,2
0.8663333333333334,0.39558722222222215,1.2251016949152536,0.3970833333333336,Iris-versicolor,2
0.9702933333333333,0.464385,1.5592203389830501,0.5162083333333337,Iris-versicolor,2
0.98762,0.5159833333333332,1.5592203389830501,0.4765000000000003,Iris-versicolor,2
0.98762,0.4987838888888888,1.5592203389830501,0.5162083333333337,Iris-versicolor,2
1.0742533333333335,0.4987838888888888,1.5963446327683606,0.5162083333333337,Iris-versicolor,2
0.88366,0.42998611111111107,1.1137288135593213,0.436791666666667,Iris-versicolor,2
0.98762,0.48158444444444437,1.5220960451977392,0.5162083333333337,Iris-versicolor,2
0.8490066666666668,0.42998611111111107,1.6705932203389822,0.6750416666666671,Iris-virginica,2
1.0396,0.37838777777777777,1.8562146892655358,0.5956250000000004,Iris-virginica,2
0.9702933333333333,0.48158444444444437,1.819090395480225,0.7941666666666672,Iris-virginica,2
1.09158,0.464385,1.819090395480225,0.7147500000000006,Iris-virginica,2
1.0742533333333335,0.48158444444444437,1.7819661016949142,0.7147500000000006,Iris-virginica,2
1.0569266666666668,0.5159833333333332,1.819090395480225,0.7147500000000006,Iris-virginica,2
1.09158,0.48158444444444437,1.8933389830508462,0.5956250000000004,Iris-virginica,2
1.0396,0.5159833333333332,1.7819661016949142,0.7147500000000006,Iris-virginica,2
