0.01842958398856707,0.0032776392923352057,0.040919469405119445,0.007819335564292262,Iris-setosa,0
0.017706855204701697,0.00280940510771589,0.040919469405119445,0.007819335564292262,Iris-setosa,0
0.01698412642083632,0.0029966987815636162,0.037996650161896635,0.007819335564292262,Iris-setosa,0
0.016622762028903632,0.002903051944639753,0.04384228864834226,0.007819335564292262,Iris-setosa,0
0.018068219596634384,0.0033712861292590685,0.040919469405119445,0.007819335564292262,Iris-setosa,0
0.01951367716436514,0.003652226640030658,0.0496879271347879,0.015638671128584525,Iris-setosa,0
0.016622762028903632,0.003183992455411342,0.040919469405119445,0.011729003346438388,Iris-setosa,0
0.018068219596634384,0.003183992455411342,0.04384228864834226,0.007819335564292262,Iris-setosa,0
0.01590003324503826,0.0027157582707920272,0.040919469405119445,0.007819335564292262,Iris-setosa,0
0.017706855204701697,0.002903051944639753,0.04384228864834226,0.003909667782146131,Iris-setosa,0
0.01951367716436514,0.003464932966182932,0.04384228864834226,0.007819335564292262,Iris-setosa,0
0.017345490812769013,0.003183992455411342,0.04676510789156508,0.007819335564292262,Iris-setosa,0
0.017345490812769013,0.00280940510771589,0.040919469405119445,0.003909667782146131,Iris-setosa,0
0.01553866885310557,0.00280940510771589,0.032151011675451,0.003909667782146131,Iris-setosa,0
0.020959134732095885,0.0037458734769545204,0.03507383091867381,0.007819335564292262,Iris-setosa,0
0.020597770340163198,0.004120460824649974,0.04384228864834226,0.015638671128584525,Iris-setosa,0
0.01951367716436514,0.003652226640030658,0.037996650161896635,0.015638671128584525,Iris-setosa,0
0.01842958398856707,0.0032776392923352057,0.040919469405119445,0.011729003346438388,Iris-setosa,0
0.020597770340163198,0.0035585798031067943,0.0496879271347879,0.011729003346438388,Iris-setosa,0
0.01842958398856707,0.0035585798031067943,0.04384228864834226,0.011729003346438388,Iris-setosa,0
0.01951367716436514,0.003183992455411342,0.0496879271347879,0.007819335564292262,Iris-setosa,0
0.01842958398856707,0.003464932966182932,0.04384228864834226,0.015638671128584525,Iris-setosa,0
0.016622762028903632,0.0033712861292590685,0.02922819243222818,0.007819335564292262,Iris-setosa,0
0.01842958398856707,0.0030903456184874787,0.0496879271347879,0.019548338910730653,Iris-setosa,0
0.017345490812769013,0.003183992455411342,0.05553356562123353,0.007819335564292262,Iris-setosa,0
0.018068219596634384,0.00280940510771589,0.04676510789156508,0.007819335564292262,Iris-setosa,0
0.018068219596634384,0.003183992455411342,0.04676510789156508,0.015638671128584525,Iris-setosa,0
0.01879094838049976,0.0032776392923352057,0.04384228864834226,0.007819335564292262,Iris-setosa,0
0.01879094838049976,0.003183992455411342,0.040919469405119445,0.007819335564292262,Iris-setosa,0
0.01698412642083632,0.0029966987815636162,0.04676510789156508,0.007819335564292262,Iris-setosa,0
0.017345490812769013,0.002903051944639753,0.04676510789156508,0.007819335564292262,Iris-setosa,0
0.01951367716436514,0.003183992455411342,0.04384228864834226,0.015638671128584525,Iris-setosa,0
0.01879094838049976,0.0038395203138783833,0.04384228864834226,0.003909667782146131,Iris-setosa,0
0.019875041556297823,0.003933167150802246,0.040919469405119445,0.007819335564292262,Iris-setosa,0
0.017706855204701697,0.002903051944639753,0.04384228864834226,0.003909667782146131,Iris-setosa,0
0.018068219596634384,0.0029966987815636162,0.03507383091867381,0.007819335564292262,Iris-setosa,0
0.019875041556297823,0.0032776392923352057,0.037996650161896635,0.007819335564292262,Iris-setosa,0
0.017706855204701697,0.002903051944639753,0.04384228864834226,0.003909667782146131,Iris-setosa,0
0.01590003324503826,0.00280940510771589,0.037996650161896635,0.007819335564292262,Iris-setosa,0
0.01842958398856707,0.003183992455411342,0.04384228864834226,0.007819335564292262,Iris-setosa,0
0.018068219596634384,0.0032776392923352057,0.037996650161896635,0.011729003346438388,Iris-setosa,0
0.01626139763697095,0.002153877249248849,0.037996650161896635,0.011729003346438388,Iris-setosa,0
0.01590003324503826,0.0029966987815636162,0.037996650161896635,0.007819335564292262,Iris-setosa,0
0.018068219596634384,0.0032776392923352057,0.04676510789156508,0.023458006692876777,Iris-setosa,0
0.01842958398856707,0.0035585798031067943,0.05553356562123353,0.015638671128584525,Iris-setosa,0
0.017345490812769013,0.00280940510771589,0.040919469405119445,0.011729003346438388,Iris-setosa,0
0.01842958398856707,0.0035585798031067943,0.04676510789156508,0.007819335564292262,Iris-setosa,0
0.016622762028903632,0.0029966987815636162,0.040919469405119445,0.007819335564292262,Iris-setosa,0
0.01915231277243245,0.003464932966182932,0.04384228864834226,0.007819335564292262,Iris-setosa,0
0.018068219596634384,0.0030903456184874787,0.040919469405119445,0.007819335564292262,Iris-setosa,0
0.024211414259490076,0.00280940510771589,0.1461409621611409,0.0664643522964842,Iris-versicolor,1
0.02168186351596126,0.0025284645969443015,0.14906378140436366,0.0625546845143381,Iris-versicolor,1
0.022765956691759324,0.0030903456184874787,0.17536915459336905,0.09774169455365327,Iris-virginica,1
0.020959134732095885,0.0025284645969443015,0.14906378140436366,0.07428368786077648,Iris-virginica,1
0.02565687182722083,0.00280940510771589,0.17244633535014625,0.08210302342506874,Iris-virginica,1
0.022765956691759324,0.0027157582707920272,0.16367787762047778,0.07037402007863035,Iris-virginica,1
0.0234886854756247,0.00280940510771589,0.16952351610692343,0.08601269120721487,Iris-virginica,1
0.027463693786884267,0.00280940510771589,0.19290607005270596,0.08210302342506874,Iris-virginica,1
0.0263796006110862,0.0027157582707920272,0.18413761232303752,0.07037402007863035,Iris-virginica,1
0.024211414259490076,0.0023411709230965754,0.16952351610692343,0.07037402007863035,Iris-virginica,1
0.02601823621915352,0.0033712861292590685,0.17829197383659184,0.09774169455365327,Iris-virginica,1
0.0234886854756247,0.0029966987815636162,0.14906378140436366,0.07819335564292261,Iris-virginica,1
0.023127321083692014,0.0025284645969443015,0.15490941989080934,0.07428368786077648,Iris-virginica,1
0.02457277865142276,0.00280940510771589,0.16075505837725496,0.08210302342506874,Iris-virginica,1
0.020597770340163198,0.0023411709230965754,0.1461409621611409,0.07819335564292261,Iris-virginica,1
0.020959134732095885,0.0026221114338681644,0.14906378140436366,0.09383202677150711,Iris-virginica,1
0.023127321083692014,0.0029966987815636162,0.15490941989080934,0.08992235898936099,Iris-virginica,1
0.0234886854756247,0.00280940510771589,0.16075505837725496,0.07037402007863035,Iris-virginica,1
0.027825058178816958,0.0035585798031067943,0.19582888929592876,0.08601269120721487,Iris-virginica,1
0.027825058178816958,0.0024348177600204382,0.2016745277823744,0.08992235898936099,Iris-virginica,1
0.024934143043355454,0.0029966987815636162,0.16660069686370058,0.08992235898936099,Iris-virginica,1
0.020236405948230514,0.0026221114338681644,0.14321814291791807,0.07819335564292261,Iris-virginica,1
0.027825058178816958,0.0026221114338681644,0.19582888929592876,0.07819335564292261,Iris-virginica,1
0.022765956691759324,0.0025284645969443015,0.14321814291791807,0.07037402007863035,Iris-virginica,1
0.024211414259490076,0.0030903456184874787,0.16660069686370058,0.08210302342506874,Iris-virginica,1
0.02601823621915352,0.0029966987815636162,0.17536915459336905,0.07037402007863035,Iris-virginica,1
0.02204322790789395,0.00280940510771589,0.14321814291791807,0.07037402007863035,Iris-virginica,1
0.023127321083692014,0.0026221114338681644,0.16367787762047778,0.08210302342506874,Iris-virginica,1
0.02601823621915352,0.00280940510771589,0.16952351610692343,0.0625546845143381,Iris-virginica,1
0.02674096500301889,0.0026221114338681644,0.17829197383659184,0.07428368786077648,Iris-virginica,1
0.028547786962682325,0.0035585798031067943,0.18706043156626032,0.07819335564292261,Iris-virginica,1
0.023127321083692014,0.0026221114338681644,0.16367787762047778,0.08601269120721487,Iris-virginica,1
0.02204322790789395,0.0024348177600204382,0.16367787762047778,0.054735348950045816,Iris-virginica,1
0.027825058178816958,0.00280940510771589,0.17829197383659184,0.08992235898936099,Iris-virginica,1
0.022765956691759324,0.003183992455411342,0.16367787762047778,0.09383202677150711,Iris-virginica,1
0.023127321083692014,0.002903051944639753,0.16075505837725496,0.07037402007863035,Iris-virginica,1
0.024934143043355454,0.002903051944639753,0.15783223913403216,0.08210302342506874,Iris-virginica,1
0.024211414259490076,0.002903051944639753,0.16367787762047778,0.09383202677150711,Iris-virginica,1
0.024934143043355454,0.002903051944639753,0.14906378140436366,0.08992235898936099,Iris-virginica,1
0.020959134732095885,0.0025284645969443015,0.14906378140436366,0.07428368786077648,Iris-virginica,1
0.02457277865142276,0.0029966987815636162,0.17244633535014625,0.08992235898936099,Iris-virginica,1
0.024211414259490076,0.0030903456184874787,0.16660069686370058,0.09774169455365327,Iris-virginica,1
0.024211414259490076,0.00280940510771589,0.15198660064758654,0.08992235898936099,Iris-virginica,1
0.022765956691759324,0.0023411709230965754,0.1461409621611409,0.07428368786077648,Iris-virginica,1
0.0234886854756247,0.00280940510771589,0.15198660064758654,0.07819335564292261,Iris-virginica,1
0.02240459229982664,0.003183992455411342,0.15783223913403216,0.08992235898936099,Iris-virginica,1
0.021320499124028575,0.00280940510771589,0.14906378140436366,0.07037402007863035,Iris-virginica,1
0.02529550743528814,0.0029966987815636162,0.13737250443147242,0.054735348950045816,Iris-versicolor,2
0.023127321083692014,0.0029966987815636162,0.13152686594502677,0.058645016732191954,Iris-versicolor,2
0.024934143043355454,0.002903051944639753,0.14321814291791807,0.058645016732191954,Iris-versicolor,2
0.019875041556297823,0.002153877249248849,0.11691276972891272,0.05082568116789969,Iris-versicolor,2
0.0234886854756247,0.0026221114338681644,0.1344496851882496,0.058645016732191954,Iris-versicolor,2
0.020597770340163198,0.0026221114338681644,0.13152686594502677,0.05082568116789969,Iris-versicolor,2
0.022765956691759324,0.0030903456184874787,0.13737250443147242,0.0625546845143381,Iris-versicolor,2
0.017706855204701697,0.002247524086172712,0.09645303502635298,0.039096677821461305,Iris-versicolor,2
0.023850049867557392,0.0027157582707920272,0.1344496851882496,0.05082568116789969,Iris-versicolor,2
0.01879094838049976,0.0025284645969443015,0.11398995048568988,0.054735348950045816,Iris-versicolor,2
0.018068219596634384,0.0018729367384772602,0.1022986735127986,0.039096677821461305,Iris-versicolor,2
0.021320499124028575,0.00280940510771589,0.12275840821535836,0.058645016732191954,Iris-versicolor,2
0.02168186351596126,0.002060230412324987,0.11691276972891272,0.039096677821461305,Iris-versicolor,2
0.02204322790789395,0.0027157582707920272,0.13737250443147242,0.054735348950045816,Iris-versicolor,2
0.020236405948230514,0.0027157582707920272,0.10522149275602144,0.05082568116789969,Iris-versicolor,2
0.024211414259490076,0.002903051944639753,0.128604046701804,0.054735348950045816,Iris-versicolor,2
0.020236405948230514,0.00280940510771589,0.13152686594502677,0.058645016732191954,Iris-versicolor,2
0.020959134732095885,0.0025284645969443015,0.11983558897213552,0.039096677821461305,Iris-versicolor,2
0.02240459229982664,0.002060230412324987,0.13152686594502677,0.058645016732191954,Iris-versicolor,2
0.020236405948230514,0.0023411709230965754,0.11398995048568988,0.043006345603607436,Iris-versicolor,2
0.021320499124028575,0.0029966987815636162,0.14029532367469524,0.07037402007863035,Iris-versicolor,2
0.02204322790789395,0.0026221114338681644,0.11691276972891272,0.05082568116789969,Iris-versicolor,2
0.022765956691759324,0.0023411709230965754,0.14321814291791807,0.058645016732191954,Iris-versicolor,2
0.02204322790789395,0.0026221114338681644,0.13737250443147242,0.046916013385753554,Iris-versicolor,2
0.023127321083692014,0.0027157582707920272,0.12568122745858115,0.05082568116789969,Iris-versicolor,2
0.023850049867557392,0.00280940510771589,0.128604046701804,0.054735348950045816,Iris-versicolor,2
0.02457277865142276,0.0026221114338681644,0.14029532367469524,0.054735348950045816,Iris-versicolor,2
0.02168186351596126,0.0027157582707920272,0.13152686594502677,0.058645016732191954,Iris-versicolor,2
0.020597770340163198,0.0024348177600204382,0.1022986735127986,0.039096677821461305,Iris-versicolor,2
0.019875041556297823,0.002247524086172712,0.11106713124246706,0.043006345603607436,Iris-versicolor,2
0.019875041556297823,0.002247524086172712,0.10814431199924426,0.039096677821461305,Iris-versicolor,2
0.020959134732095885,0.0025284645969443015,0.11398995048568988,0.046916013385753554,Iris-versicolor,2
0.01951367716436514,0.00280940510771589,0.13152686594502677,0.058645016732191954,Iris-versicolor,2
0.02168186351596126,0.003183992455411342,0.13152686594502677,0.0625546845143381,Iris-versicolor,2
0.024211414259490076,0.002903051944639753,0.13737250443147242,0.058645016732191954,Iris-versicolor,2
0.022765956691759324,0.002153877249248849,0.128604046701804,0.05082568116789969,Iris-versicolor,2
0.020236405948230514,0.00280940510771589,0.11983558897213552,0.05082568116789969,Iris-versicolor,2
0.019875041556297823,0.0023411709230965754,0.11691276972891272,0.05082568116789969,Iris-versicolor,2
0.019875041556297823,0.0024348177600204382,0.128604046701804,0.046916013385753554,Iris-versicolor,2
0.02204322790789395,0.00280940510771589,0.1344496851882496,0.054735348950045816,Iris-versicolor,2
0.020959134732095885,0.0024348177600204382,0.11691276972891272,0.046916013385753554,Iris-versicolor,2
0.018068219596634384,0.002153877249248849,0.09645303502635298,0.039096677821461305,Iris-versicolor,2
0.020236405948230514,0.0025284645969443015,0.12275840821535836,0.05082568116789969,Iris-versicolor,2
0.020597770340163198,0.00280940510771589,0.12275840821535836,0.046916013385753554,Iris-versicolor,2
0.020597770340163198,0.0027157582707920272,0.12275840821535836,0.05082568116789969,Iris-versicolor,2
0.02240459229982664,0.0027157582707920272,0.12568122745858115,0.05082568116789969,Iris-versicolor,2
0.01842958398856707,0.0023411709230965754,0.08768457729668452,0.043006345603607436,Iris-versicolor,2
0.020597770340163198,0.0026221114338681644,0.11983558897213552,0.05082568116789969,Iris-versicolor,2
0.017706855204701697,0.0023411709230965754,0.13152686594502677,0.0664643522964842,Iris-virginica,2
0.02168186351596126,0.002060230412324987,0.1461409621611409,0.058645016732191954,Iris-virginica,2
0.02240459229982664,0.0026221114338681644,0.14029532367469524,0.07037402007863035,Iris-virginica,2
0.022765956691759324,0.0026221114338681644,0.14906378140436366,0.058645016732191954,Iris-virginica,2
0.02168186351596126,0.00280940510771589,0.14029532367469524,0.07037402007863035,Iris-virginica,2
