0.19833333333333314,0.4190277777777781,0.20865536723163847,0.039388888888889,Iris-setosa,0
0.1905555555555554,0.35916666666666697,0.20865536723163847,0.039388888888889,Iris-setosa,0
0.18277777777777762,0.3831111111111114,0.1937514124293786,0.039388888888889,Iris-setosa,0
0.1788888888888887,0.3711388888888892,0.2235593220338984,0.039388888888889,Iris-setosa,0
0.19444444444444428,0.4310000000000003,0.20865536723163847,0.039388888888889,Iris-setosa,0
0.20999999999999983,0.46691666666666704,0.2533672316384182,0.078777777777778,Iris-setosa,0
0.1788888888888887,0.40705555555555584,0.20865536723163847,0.05908333333333349,Iris-setosa,0
0.19444444444444428,0.40705555555555584,0.2235593220338984,0.039388888888889,Iris-setosa,0
0.17111111111111096,0.3471944444444447,0.20865536723163847,0.039388888888889,Iris-setosa,0
0.1905555555555554,0.3711388888888892,0.2235593220338984,0.0196944444444445,Iris-setosa,0
0.20999999999999983,0.4429722222222226,0.2235593220338984,0.039388888888889,Iris-setosa,0
0.1866666666666665,0.40705555555555584,0.23846327683615828,0.039388888888889,Iris-setosa,0
0.1866666666666665,0.35916666666666697,0.20865536723163847,0.0196944444444445,Iris-setosa,0
0.16722222222222208,0.35916666666666697,0.1639435028248588,0.0196944444444445,Iris-setosa,0
0.22555555555555534,0.47888888888888925,0.1788474576271187,0.039388888888889,Iris-setosa,0
0.22166666666666648,0.5267777777777782,0.2235593220338984,0.078777777777778,Iris-setosa,0
0.20999999999999983,0.46691666666666704,0.1937514124293786,0.078777777777778,Iris-setosa,0
0.19833333333333314,0.4190277777777781,0.20865536723163847,0.05908333333333349,Iris-setosa,0
0.22166666666666648,0.45494444444444476,0.2533672316384182,0.05908333333333349,Iris-setosa,0
0.19833333333333314,0.45494444444444476,0.2235593220338984,0.05908333333333349,Iris-setosa,0
0.20999999999999983,0.40705555555555584,0.2533672316384182,0.039388888888889,Iris-setosa,0
0.19833333333333314,0.4429722222222226,0.2235593220338984,0.078777777777778,Iris-setosa,0
0.1788888888888887,0.4310000000000003,0.14903954802259892,0.039388888888889,Iris-setosa,0
0.19833333333333314,0.3950833333333336,0.2533672316384182,0.09847222222222249,Iris-setosa,0
0.1866666666666665,0.40705555555555584,0.2831751412429379,0.039388888888889,Iris-setosa,0
0.19444444444444428,0.35916666666666697,0.23846327683615828,0.039388888888889,Iris-setosa,0
0.19444444444444428,0.40705555555555584,0.23846327683615828,0.078777777777778,Iris-setosa,0
0.20222222222222205,0.4190277777777781,0.2235593220338984,0.039388888888889,Iris-setosa,0
0.20222222222222205,0.40705555555555584,0.20865536723163847,0.039388888888889,Iris-setosa,0
0.18277777777777762,0.3831111111111114,0.23846327683615828,0.039388888888889,Iris-setosa,0
0.1866666666666665,0.3711388888888892,0.23846327683615828,0.039388888888889,Iris-setosa,0
0.20999999999999983,0.40705555555555584,0.2235593220338984,0.078777777777778,Iris-setosa,0
0.20222222222222205,0.4908611111111114,0.2235593220338984,0.0196944444444445,Iris-setosa,0
0.2138888888888887,0.5028333333333337,0.20865536723163847,0.039388888888889,Iris-setosa,0
0.1905555555555554,0.3711388888888892,0.2235593220338984,0.0196944444444445,Iris-setosa,0
0.19444444444444428,0.3831111111111114,0.1788474576271187,0.039388888888889,Iris-setosa,0
0.2138888888888887,0.4190277777777781,0.1937514124293786,0.039388888888889,Iris-setosa,0
0.1905555555555554,0.3711388888888892,0.2235593220338984,0.0196944444444445,Iris-setosa,0
0.17111111111111096,0.35916666666666697,0.1937514124293786,0.039388888888889,Iris-setosa,0
0.19833333333333314,0.40705555555555584,0.2235593220338984,0.039388888888889,Iris-setosa,0
0.19444444444444428,0.4190277777777781,0.1937514124293786,0.05908333333333349,Iris-setosa,0
0.17499999999999985,0.2753611111111113,0.1937514124293786,0.05908333333333349,Iris-setosa,0
0.17111111111111096,0.3831111111111114,0.1937514124293786,0.039388888888889,Iris-setosa,0
0.19444444444444428,0.4190277777777781,0.23846327683615828,0.11816666666666698,Iris-setosa,0
0.19833333333333314,0.45494444444444476,0.2831751412429379,0.078777777777778,Iris-setosa,0
0.1866666666666665,0.35916666666666697,0.20865536723163847,0.05908333333333349,Iris-setosa,0
0.19833333333333314,0.45494444444444476,0.23846327683615828,0.039388888888889,Iris-setosa,0
0.1788888888888887,0.3831111111111114,0.20865536723163847,0.039388888888889,Iris-setosa,0
0.2061111111111109,0.4429722222222226,0.2235593220338984,0.039388888888889,Iris-setosa,0
0.19444444444444428,0.3950833333333336,0.20865536723163847,0.039388888888889,Iris-setosa,0
0.2605555555555553,0.35916666666666697,0.7451977401129946,0.33480555555555647,Iris-versicolor,1
0.23333333333333311,0.32325000000000026,0.7601016949152544,0.315111111111112,Iris-versicolor,1
0.24499999999999977,0.3950833333333336,0.8942372881355936,0.49236111111111247,Iris-virginica,1
0.22555555555555534,0.32325000000000026,0.7601016949152544,0.37419444444444544,Iris-virginica,1
0.27611111111111086,0.35916666666666697,0.8793333333333336,0.41358333333333447,Iris-virginica,1
0.24499999999999977,0.3471944444444447,0.8346214689265539,0.354500000000001,Iris-virginica,1
0.25277777777777755,0.35916666666666697,0.8644293785310737,0.433277777777779,Iris-virginica,1
0.2955555555555553,0.35916666666666697,0.9836610169491528,0.41358333333333447,Iris-virginica,1
0.28388888888888864,0.3471944444444447,0.9389491525423731,0.354500000000001,Iris-virginica,1
0.2605555555555553,0.29930555555555577,0.8644293785310737,0.354500000000001,Iris-virginica,1
0.27999999999999975,0.4310000000000003,0.9091412429378534,0.49236111111111247,Iris-virginica,1
0.25277777777777755,0.3831111111111114,0.7601016949152544,0.39388888888888995,Iris-virginica,1
0.2488888888888887,0.32325000000000026,0.7899096045197742,0.37419444444444544,Iris-virginica,1
0.2644444444444442,0.35916666666666697,0.819717514124294,0.41358333333333447,Iris-virginica,1
0.22166666666666648,0.29930555555555577,0.7451977401129946,0.39388888888888995,Iris-virginica,1
0.22555555555555534,0.3352222222222225,0.7601016949152544,0.4726666666666679,Iris-virginica,1
0.2488888888888887,0.3831111111111114,0.7899096045197742,0.4529722222222234,Iris-virginica,1
0.25277777777777755,0.35916666666666697,0.819717514124294,0.354500000000001,Iris-virginica,1
0.2994444444444442,0.45494444444444476,0.9985649717514128,0.433277777777779,Iris-virginica,1
0.2994444444444442,0.31127777777777804,1.0283728813559325,0.4529722222222234,Iris-virginica,1
0.2683333333333331,0.3831111111111114,0.8495254237288139,0.4529722222222234,Iris-virginica,1
0.21777777777777757,0.3352222222222225,0.7302937853107347,0.39388888888888995,Iris-virginica,1
0.2994444444444442,0.3352222222222225,0.9985649717514128,0.39388888888888995,Iris-virginica,1
0.24499999999999977,0.32325000000000026,0.7302937853107347,0.354500000000001,Iris-virginica,1
0.2605555555555553,0.3950833333333336,0.8495254237288139,0.41358333333333447,Iris-virginica,1
0.27999999999999975,0.3831111111111114,0.8942372881355936,0.354500000000001,Iris-virginica,1
0.237222222222222,0.35916666666666697,0.7302937853107347,0.354500000000001,Iris-virginica,1
0.2488888888888887,0.3352222222222225,0.8346214689265539,0.41358333333333447,Iris-virginica,1
0.27999999999999975,0.35916666666666697,0.8644293785310737,0.315111111111112,Iris-virginica,1
0.2877777777777775,0.3352222222222225,0.9091412429378534,0.37419444444444544,Iris-virginica,1
0.30722222222222195,0.45494444444444476,0.9538531073446331,0.39388888888888995,Iris-virginica,1
0.2488888888888887,0.3352222222222225,0.8346214689265539,0.433277777777779,Iris-virginica,1
0.237222222222222,0.31127777777777804,0.8346214689265539,0.2757222222222229,Iris-virginica,1
0.2994444444444442,0.35916666666666697,0.9091412429378534,0.4529722222222234,Iris-virginica,1
0.24499999999999977,0.40705555555555584,0.8346214689265539,0.4726666666666679,Iris-virginica,1
0.2488888888888887,0.3711388888888892,0.819717514124294,0.354500000000001,Iris-virginica,1
0.2683333333333331,0.3711388888888892,0.8048135593220342,0.41358333333333447,Iris-virginica,1
0.2605555555555553,0.3711388888888892,0.8346214689265539,0.4726666666666679,Iris-virginica,1
0.2683333333333331,0.3711388888888892,0.7601016949152544,0.4529722222222234,Iris-virginica,1
0.22555555555555534,0.32325000000000026,0.7601016949152544,0.37419444444444544,Iris-virginica,1
0.2644444444444442,0.3831111111111114,0.8793333333333336,0.4529722222222234,Iris-virginica,1
0.2605555555555553,0.3950833333333336,0.8495254237288139,0.49236111111111247,Iris-virginica,1
0.2605555555555553,0.35916666666666697,0.7750056497175144,0.4529722222222234,Iris-virginica,1
0.24499999999999977,0.29930555555555577,0.7451977401129946,0.37419444444444544,Iris-virginica,1
0.25277777777777755,0.35916666666666697,0.7750056497175144,0.39388888888888995,Iris-virginica,1
0.24111111111111092,0.40705555555555584,0.8048135593220342,0.4529722222222234,Iris-virginica,1
0.22944444444444426,0.35916666666666697,0.7601016949152544,0.354500000000001,Iris-virginica,1
0.272222222222222,0.3831111111111114,0.7004858757062149,0.2757222222222229,Iris-versicolor,2
0.2488888888888887,0.3831111111111114,0.6706779661016952,0.29541666666666744,Iris-versicolor,2
0.2683333333333331,0.3711388888888892,0.7302937853107347,0.29541666666666744,Iris-versicolor,2
0.2138888888888887,0.2753611111111113,0.5961581920903957,0.25602777777777846,Iris-versicolor,2
0.25277777777777755,0.3352222222222225,0.685581920903955,0.29541666666666744,Iris-versicolor,2
0.22166666666666648,0.3352222222222225,0.6706779661016952,0.25602777777777846,Iris-versicolor,2
0.24499999999999977,0.3950833333333336,0.7004858757062149,0.315111111111112,Iris-versicolor,2
0.1905555555555554,0.28733333333333355,0.4918305084745764,0.19694444444444498,Iris-versicolor,2
0.25666666666666643,0.3471944444444447,0.685581920903955,0.25602777777777846,Iris-versicolor,2
0.20222222222222205,0.32325000000000026,0.5812542372881357,0.2757222222222229,Iris-versicolor,2
0.19444444444444428,0.23944444444444463,0.5216384180790962,0.19694444444444498,Iris-versicolor,2
0.22944444444444426,0.35916666666666697,0.6259661016949155,0.29541666666666744,Iris-versicolor,2
0.23333333333333311,0.2633888888888891,0.5961581920903957,0.19694444444444498,Iris-versicolor,2
0.237222222222222,0.3471944444444447,0.7004858757062149,0.2757222222222229,Iris-versicolor,2
0.21777777777777757,0.3471944444444447,0.5365423728813561,0.25602777777777846,Iris-versicolor,2
0.2605555555555553,0.3711388888888892,0.6557740112994352,0.2757222222222229,Iris-versicolor,2
0.21777777777777757,0.35916666666666697,0.6706779661016952,0.29541666666666744,Iris-versicolor,2
0.22555555555555534,0.32325000000000026,0.6110621468926555,0.19694444444444498,Iris-versicolor,2
0.24111111111111092,0.2633888888888891,0.6706779661016952,0.29541666666666744,Iris-versicolor,2
0.21777777777777757,0.29930555555555577,0.5812542372881357,0.2166388888888895,Iris-versicolor,2
0.22944444444444426,0.3831111111111114,0.7153898305084748,0.354500000000001,Iris-versicolor,2
0.237222222222222,0.3352222222222225,0.5961581920903957,0.25602777777777846,Iris-versicolor,2
0.24499999999999977,0.29930555555555577,0.7302937853107347,0.29541666666666744,Iris-versicolor,2
0.237222222222222,0.3352222222222225,0.7004858757062149,0.23633333333333395,Iris-versicolor,2
0.2488888888888887,0.3471944444444447,0.6408700564971753,0.25602777777777846,Iris-versicolor,2
0.25666666666666643,0.35916666666666697,0.6557740112994352,0.2757222222222229,Iris-versicolor,2
0.2644444444444442,0.3352222222222225,0.7153898305084748,0.2757222222222229,Iris-versicolor,2
0.23333333333333311,0.3471944444444447,0.6706779661016952,0.29541666666666744,Iris-versicolor,2
0.22166666666666648,0.31127777777777804,0.5216384180790962,0.19694444444444498,Iris-versicolor,2
0.2138888888888887,0.28733333333333355,0.5663502824858758,0.2166388888888895,Iris-versicolor,2
0.2138888888888887,0.28733333333333355,0.551446327683616,0.19694444444444498,Iris-versicolor,2
0.22555555555555534,0.32325000000000026,0.5812542372881357,0.23633333333333395,Iris-versicolor,2
0.20999999999999983,0.35916666666666697,0.6706779661016952,0.29541666666666744,Iris-versicolor,2
0.23333333333333311,0.40705555555555584,0.6706779661016952,0.315111111111112,Iris-versicolor,2
0.2605555555555553,0.3711388888888892,0.7004858757062149,0.29541666666666744,Iris-versicolor,2
0.24499999999999977,0.2753611111111113,0.6557740112994352,0.25602777777777846,Iris-versicolor,2
0.21777777777777757,0.35916666666666697,0.6110621468926555,0.25602777777777846,Iris-versicolor,2
0.2138888888888887,0.29930555555555577,0.5961581920903957,0.25602777777777846,Iris-versicolor,2
0.2138888888888887,0.31127777777777804,0.6557740112994352,0.23633333333333395,Iris-versicolor,2
0.237222222222222,0.35916666666666697,0.685581920903955,0.2757222222222229,Iris-versicolor,2
0.22555555555555534,0.31127777777777804,0.5961581920903957,0.23633333333333395,Iris-versicolor,2
0.19444444444444428,0.2753611111111113,0.4918305084745764,0.19694444444444498,Iris-versicolor,2
0.21777777777777757,0.32325000000000026,0.6259661016949155,0.25602777777777846,Iris-versicolor,2
0.22166666666666648,0.35916666666666697,0.6259661016949155,0.23633333333333395,Iris-versicolor,2
0.22166666666666648,0.3471944444444447,0.6259661016949155,0.25602777777777846,Iris-versicolor,2
0.24111111111111092,0.3471944444444447,0.6408700564971753,0.25602777777777846,Iris-versicolor,2
0.19833333333333314,0.29930555555555577,0.4471186440677968,0.2166388888888895,Iris-versicolor,2
0.22166666666666648,0.3352222222222225,0.6110621468926555,0.25602777777777846,Iris-versicolor,2
0.1905555555555554,0.29930555555555577,0.6706779661016952,0.33480555555555647,Iris-virginica,2
0.23333333333333311,0.2633888888888891,0.7451977401129946,0.29541666666666744,Iris-virginica,2
0.24111111111111092,0.3352222222222225,0.7153898305084748,0.354500000000001,Iris-virginica,2
0.24499999999999977,0.3352222222222225,0.7601016949152544,0.29541666666666744,Iris-virginica,2
0.23333333333333311,0.35916666666666697,0.7153898305084748,0.354500000000001,Iris-virginica,2
