3.139909060187165E-16,8.204328167635016E-22,1.890857781099462E-10,1.2850492196176692E-10,Iris-setosa,0
3.016775371552373E-16,7.032281286544299E-22,1.890857781099462E-10,1.2850492196176692E-10,Iris-setosa,0
2.8936416829175836E-16,7.501100038980587E-22,1.7557965110209302E-10,1.2850492196176692E-10,Iris-setosa,0
2.8320748386001886E-16,7.266690662762441E-22,2.0259190511779957E-10,1.2850492196176692E-10,Iris-setosa,0
3.07834221586977E-16,8.438737543853159E-22,1.890857781099462E-10,1.2850492196176692E-10,Iris-setosa,0
3.324609593139353E-16,9.141965672507594E-22,2.2960415913350606E-10,2.5700984392353383E-10,Iris-setosa,0
2.8320748386001886E-16,7.969918791416871E-22,1.890857781099462E-10,1.927573829426502E-10,Iris-setosa,0
3.07834221586977E-16,7.969918791416871E-22,2.0259190511779957E-10,1.2850492196176692E-10,Iris-setosa,0
2.708941149965398E-16,6.797871910326158E-22,1.890857781099462E-10,1.2850492196176692E-10,Iris-setosa,0
3.016775371552373E-16,7.266690662762441E-22,2.0259190511779957E-10,6.425246098088346E-11,Iris-setosa,0
3.324609593139353E-16,8.673146920071304E-22,2.0259190511779957E-10,1.2850492196176692E-10,Iris-setosa,0
2.955208527234981E-16,7.969918791416871E-22,2.1609803212565273E-10,1.2850492196176692E-10,Iris-setosa,0
2.955208527234981E-16,7.032281286544299E-22,1.890857781099462E-10,6.425246098088346E-11,Iris-setosa,0
2.647374305648003E-16,7.032281286544299E-22,1.4856739708638632E-10,6.425246098088346E-11,Iris-setosa,0
3.570876970408933E-16,9.376375048725734E-22,1.6207352409423963E-10,1.2850492196176692E-10,Iris-setosa,0
3.509310126091537E-16,1.0314012553598313E-21,2.0259190511779957E-10,2.5700984392353383E-10,Iris-setosa,0
3.324609593139353E-16,9.141965672507594E-22,1.7557965110209302E-10,2.5700984392353383E-10,Iris-setosa,0
3.139909060187165E-16,8.204328167635016E-22,1.890857781099462E-10,1.927573829426502E-10,Iris-setosa,0
3.509310126091537E-16,8.907556296289445E-22,2.2960415913350606E-10,1.927573829426502E-10,Iris-setosa,0
3.139909060187165E-16,8.907556296289445E-22,2.0259190511779957E-10,1.927573829426502E-10,Iris-setosa,0
3.324609593139353E-16,7.969918791416871E-22,2.2960415913350606E-10,1.2850492196176692E-10,Iris-setosa,0
3.139909060187165E-16,8.673146920071304E-22,2.0259190511779957E-10,2.5700984392353383E-10,Iris-setosa,0
2.8320748386001886E-16,8.438737543853159E-22,1.35061270078533E-10,1.2850492196176692E-10,Iris-setosa,0
3.139909060187165E-16,7.7355094151987285E-22,2.2960415913350606E-10,3.212623049044173E-10,Iris-setosa,0
2.955208527234981E-16,7.969918791416871E-22,2.566164131492127E-10,1.2850492196176692E-10,Iris-setosa,0
3.07834221586977E-16,7.032281286544299E-22,2.1609803212565273E-10,1.2850492196176692E-10,Iris-setosa,0
3.07834221586977E-16,7.969918791416871E-22,2.1609803212565273E-10,2.5700984392353383E-10,Iris-setosa,0
3.201475904504562E-16,8.204328167635016E-22,2.0259190511779957E-10,1.2850492196176692E-10,Iris-setosa,0
3.201475904504562E-16,7.969918791416871E-22,1.890857781099462E-10,1.2850492196176692E-10,Iris-setosa,0
2.8936416829175836E-16,7.501100038980587E-22,2.1609803212565273E-10,1.2850492196176692E-10,Iris-setosa,0
2.955208527234981E-16,7.266690662762441E-22,2.1609803212565273E-10,1.2850492196176692E-10,Iris-setosa,0
3.324609593139353E-16,7.969918791416871E-22,2.0259190511779957E-10,2.5700984392353383E-10,Iris-setosa,0
3.201475904504562E-16,9.610784424943879E-22,2.0259190511779957E-10,6.425246098088346E-11,Iris-setosa,0
3.386176437456747E-16,9.845193801162024E-22,1.890857781099462E-10,1.2850492196176692E-10,Iris-setosa,0
3.016775371552373E-16,7.266690662762441E-22,2.0259190511779957E-10,6.425246098088346E-11,Iris-setosa,0
3.07834221586977E-16,7.501100038980587E-22,1.6207352409423963E-10,1.2850492196176692E-10,Iris-setosa,0
3.386176437456747E-16,8.204328167635016E-22,1.7557965110209302E-10,1.2850492196176692E-10,Iris-setosa,0
3.016775371552373E-16,7.266690662762441E-22,2.0259190511779957E-10,6.425246098088346E-11,Iris-setosa,0
2.708941149965398E-16,7.032281286544299E-22,1.7557965110209302E-10,1.2850492196176692E-10,Iris-setosa,0
3.139909060187165E-16,7.969918791416871E-22,2.0259190511779957E-10,1.2850492196176692E-10,Iris-setosa,0
3.07834221586977E-16,8.204328167635016E-22,1.7557965110209302E-10,1.927573829426502E-10,Iris-setosa,0
2.770507994282793E-16,5.391415653017297E-22,1.7557965110209302E-10,1.927573829426502E-10,Iris-setosa,0
2.708941149965398E-16,7.501100038980587E-22,1.7557965110209302E-10,1.2850492196176692E-10,Iris-setosa,0
3.07834221586977E-16,8.204328167635016E-22,2.1609803212565273E-10,3.855147658853004E-10,Iris-setosa,0
3.139909060187165E-16,8.907556296289445E-22,2.566164131492127E-10,2.5700984392353383E-10,Iris-setosa,0
2.955208527234981E-16,7.032281286544299E-22,1.890857781099462E-10,1.927573829426502E-10,Iris-setosa,0
3.139909060187165E-16,8.907556296289445E-22,2.1609803212565273E-10,1.2850492196176692E-10,Iris-setosa,0
2.8320748386001886E-16,7.501100038980587E-22,1.890857781099462E-10,1.2850492196176692E-10,Iris-setosa,0
3.263042748821956E-16,8.673146920071304E-22,2.0259190511779957E-10,1.2850492196176692E-10,Iris-setosa,0
3.07834221586977E-16,7.7355094151987285E-22,1.890857781099462E-10,1.2850492196176692E-10,Iris-setosa,0
3.8787111919959103E-16,7.7355094151987285E-22,8.103676204711983E-10,1.6063115245220866E-9,Iris-virginica,1
4.3712459465350744E-16,7.032281286544299E-22,7.968614934633447E-10,1.3493016805985522E-9,Iris-virginica,1
4.001844880630702E-16,7.032281286544299E-22,7.833553664554914E-10,1.4135541415794354E-9,Iris-virginica,1
4.67908016812205E-16,7.032281286544299E-22,8.914043825183178E-10,1.3493016805985522E-9,Iris-virginica,1
4.4328127908524685E-16,8.438737543853159E-22,8.238737474790513E-10,1.6063115245220866E-9,Iris-virginica,1
4.1865454135828854E-16,7.032281286544299E-22,7.428369854319315E-10,1.3493016805985522E-9,Iris-virginica,1
3.570876970408933E-16,6.563462534108015E-22,6.888124774005182E-10,1.5420590635412017E-9,Iris-virginica,1
3.940278036313306E-16,7.501100038980587E-22,7.158247314162248E-10,1.477806602560319E-9,Iris-virginica,1
4.740647012439449E-16,8.907556296289445E-22,9.049105095261709E-10,1.4135541415794354E-9,Iris-virginica,1
4.740647012439449E-16,6.094643781671728E-22,9.31922763541878E-10,1.477806602560319E-9,Iris-virginica,1
4.248112257900285E-16,7.501100038980587E-22,7.698492394476383E-10,1.477806602560319E-9,Iris-virginica,1
4.740647012439449E-16,6.563462534108015E-22,9.049105095261709E-10,1.2850492196176691E-9,Iris-virginica,1
4.1249785692654924E-16,7.7355094151987285E-22,7.698492394476383E-10,1.3493016805985522E-9,Iris-virginica,1
3.940278036313306E-16,6.563462534108015E-22,7.563431124397848E-10,1.3493016805985522E-9,Iris-virginica,1
4.863780701074237E-16,8.907556296289445E-22,8.643921285026109E-10,1.2850492196176691E-9,Iris-virginica,1
3.940278036313306E-16,6.563462534108015E-22,7.563431124397848E-10,1.4135541415794354E-9,Iris-virginica,1
4.740647012439449E-16,7.032281286544299E-22,8.238737474790513E-10,1.477806602560319E-9,Iris-virginica,1
3.8787111919959103E-16,7.969918791416871E-22,7.563431124397848E-10,1.5420590635412017E-9,Iris-virginica,1
4.248112257900285E-16,7.266690662762441E-22,7.293308584240786E-10,1.3493016805985522E-9,Iris-virginica,1
4.1249785692654924E-16,7.266690662762441E-22,7.563431124397848E-10,1.5420590635412017E-9,Iris-virginica,1
4.248112257900285E-16,7.266690662762441E-22,6.888124774005182E-10,1.477806602560319E-9,Iris-virginica,1
4.1865454135828854E-16,7.501100038980587E-22,7.968614934633447E-10,1.477806602560319E-9,Iris-virginica,1
4.1249785692654924E-16,7.7355094151987285E-22,7.698492394476383E-10,1.6063115245220866E-9,Iris-virginica,1
4.1249785692654924E-16,7.032281286544299E-22,7.023186044083721E-10,1.477806602560319E-9,Iris-virginica,1
3.8171443476785163E-16,7.969918791416871E-22,7.293308584240786E-10,1.477806602560319E-9,Iris-virginica,1
4.3096791022176794E-16,7.501100038980587E-22,6.347879693691053E-10,8.995344537323678E-10,Iris-versicolor,2
3.940278036313306E-16,7.501100038980587E-22,6.077757153533983E-10,9.637869147132515E-10,Iris-versicolor,2
4.248112257900285E-16,7.266690662762441E-22,6.61800223384812E-10,9.637869147132515E-10,Iris-versicolor,2
3.386176437456747E-16,5.391415653017297E-22,5.40245080314132E-10,8.352819927514846E-10,Iris-versicolor,2
4.001844880630702E-16,6.563462534108015E-22,6.212818423612519E-10,9.637869147132515E-10,Iris-versicolor,2
3.509310126091537E-16,6.563462534108015E-22,6.077757153533983E-10,8.352819927514846E-10,Iris-versicolor,2
3.8787111919959103E-16,7.7355094151987285E-22,6.347879693691053E-10,1.0280393756941353E-9,Iris-versicolor,2
3.016775371552373E-16,5.62582502923544E-22,4.457021912591589E-10,6.425246098088346E-10,Iris-versicolor,2
4.0634117249480984E-16,6.797871910326158E-22,6.212818423612519E-10,8.352819927514846E-10,Iris-versicolor,2
3.201475904504562E-16,6.329053157889873E-22,5.267389533062787E-10,8.995344537323678E-10,Iris-versicolor,2
3.07834221586977E-16,4.688187524362867E-22,4.727144452748654E-10,6.425246098088346E-10,Iris-versicolor,2
3.632443814726329E-16,7.032281286544299E-22,5.672573343298385E-10,9.637869147132515E-10,Iris-versicolor,2
3.6940106590437233E-16,5.157006276799156E-22,5.40245080314132E-10,6.425246098088346E-10,Iris-versicolor,2
3.75557750336112E-16,6.797871910326158E-22,6.347879693691053E-10,8.995344537323678E-10,Iris-versicolor,2
3.447743281774143E-16,6.797871910326158E-22,4.86220572282719E-10,8.352819927514846E-10,Iris-versicolor,2
4.1249785692654924E-16,7.266690662762441E-22,5.942695883455453E-10,8.995344537323678E-10,Iris-versicolor,2
3.447743281774143E-16,7.032281286544299E-22,6.077757153533983E-10,9.637869147132515E-10,Iris-versicolor,2
3.570876970408933E-16,6.329053157889873E-22,5.537512073219853E-10,6.425246098088346E-10,Iris-versicolor,2
3.8171443476785163E-16,5.157006276799156E-22,6.077757153533983E-10,9.637869147132515E-10,Iris-versicolor,2
3.447743281774143E-16,5.860234405453585E-22,5.267389533062787E-10,7.067770707897177E-10,Iris-versicolor,2
3.632443814726329E-16,7.501100038980587E-22,6.482940963769585E-10,1.156544297655902E-9,Iris-versicolor,2
3.75557750336112E-16,6.563462534108015E-22,5.40245080314132E-10,8.352819927514846E-10,Iris-versicolor,2
3.8787111919959103E-16,5.860234405453585E-22,6.61800223384812E-10,9.637869147132515E-10,Iris-versicolor,2
3.75557750336112E-16,6.563462534108015E-22,6.347879693691053E-10,7.710295317706008E-10,Iris-versicolor,2
3.940278036313306E-16,6.797871910326158E-22,5.80763461337692E-10,8.352819927514846E-10,Iris-versicolor,2
4.0634117249480984E-16,7.032281286544299E-22,5.942695883455453E-10,8.995344537323678E-10,Iris-versicolor,2
4.1865454135828854E-16,6.563462534108015E-22,6.482940963769585E-10,8.995344537323678E-10,Iris-versicolor,2
4.1249785692654924E-16,7.032281286544299E-22,6.753063503926655E-10,1.0922918366750182E-9,Iris-versicolor,2
3.6940106590437233E-16,6.797871910326158E-22,6.077757153533983E-10,9.637869147132515E-10,Iris-versicolor,2
3.509310126091537E-16,6.094643781671728E-22,4.727144452748654E-10,6.425246098088346E-10,Iris-versicolor,2
3.386176437456747E-16,5.62582502923544E-22,5.132328262984254E-10,7.067770707897177E-10,Iris-versicolor,2
3.386176437456747E-16,5.62582502923544E-22,4.997266992905721E-10,6.425246098088346E-10,Iris-versicolor,2
3.570876970408933E-16,6.329053157889873E-22,5.267389533062787E-10,7.710295317706008E-10,Iris-versicolor,2
3.6940106590437233E-16,6.329053157889873E-22,6.888124774005182E-10,1.0280393756941353E-9,Iris-versicolor,2
3.324609593139353E-16,7.032281286544299E-22,6.077757153533983E-10,9.637869147132515E-10,Iris-versicolor,2
3.6940106590437233E-16,7.969918791416871E-22,6.077757153533983E-10,1.0280393756941353E-9,Iris-versicolor,2
4.1249785692654924E-16,7.266690662762441E-22,6.347879693691053E-10,9.637869147132515E-10,Iris-versicolor,2
3.8787111919959103E-16,5.391415653017297E-22,5.942695883455453E-10,8.352819927514846E-10,Iris-versicolor,2
3.447743281774143E-16,7.032281286544299E-22,5.537512073219853E-10,8.352819927514846E-10,Iris-versicolor,2
3.386176437456747E-16,5.860234405453585E-22,5.40245080314132E-10,8.352819927514846E-10,Iris-versicolor,2
3.386176437456747E-16,6.094643781671728E-22,5.942695883455453E-10,7.710295317706008E-10,Iris-versicolor,2
3.75557750336112E-16,7.032281286544299E-22,6.212818423612519E-10,8.995344537323678E-10,Iris-versicolor,2
3.570876970408933E-16,6.094643781671728E-22,5.40245080314132E-10,7.710295317706008E-10,Iris-versicolor,2
3.07834221586977E-16,5.391415653017297E-22,4.457021912591589E-10,6.425246098088346E-10,Iris-versicolor,2
3.447743281774143E-16,6.329053157889873E-22,5.672573343298385E-10,8.352819927514846E-10,Iris-versicolor,2
3.509310126091537E-16,7.032281286544299E-22,5.672573343298385E-10,7.710295317706008E-10,Iris-versicolor,2
3.509310126091537E-16,6.797871910326158E-22,5.672573343298385E-10,8.352819927514846E-10,Iris-versicolor,2
3.8171443476785163E-16,6.797871910326158E-22,5.80763461337692E-10,8.352819927514846E-10,Iris-versicolor,2
3.139909060187165E-16,5.860234405453585E-22,4.0518381023559914E-10,7.067770707897177E-10,Iris-versicolor,2
3.509310126091537E-16,6.563462534108015E-22,5.537512073219853E-10,8.352819927514846E-10,Iris-versicolor,2
3.570876970408933E-16,6.329053157889873E-22,6.888124774005182E-10,1.2207967586367853E-9,Iris-virginica,2
3.8787111919959103E-16,6.797871910326158E-22,7.563431124397848E-10,1.156544297655902E-9,Iris-virginica,2
3.016775371552373E-16,5.860234405453585E-22,6.077757153533983E-10,1.0922918366750182E-9,Iris-virginica,2
4.494379635169863E-16,6.797871910326158E-22,8.508860014947581E-10,1.156544297655902E-9,Iris-virginica,2
4.1249785692654924E-16,5.860234405453585E-22,7.833553664554914E-10,1.156544297655902E-9,Iris-virginica,2
4.001844880630702E-16,7.501100038980587E-22,6.888124774005182E-10,1.2850492196176691E-9,Iris-virginica,2
3.940278036313306E-16,6.329053157889873E-22,7.158247314162248E-10,1.2207967586367853E-9,Iris-virginica,2
3.509310126091537E-16,5.860234405453585E-22,6.753063503926655E-10,1.2850492196176691E-9,Iris-virginica,2
4.001844880630702E-16,7.032281286544299E-22,7.428369854319315E-10,1.156544297655902E-9,Iris-virginica,2
3.6940106590437233E-16,5.157006276799156E-22,6.753063503926655E-10,9.637869147132515E-10,Iris-virginica,2
3.447743281774143E-16,6.563462534108015E-22,6.61800223384812E-10,1.2850492196176691E-9,Iris-virginica,2
3.8787111919959103E-16,6.329053157889873E-22,6.61800223384812E-10,1.156544297655902E-9,Iris-virginica,2
4.4328127908524685E-16,7.501100038980587E-22,8.103676204711983E-10,1.156544297655902E-9,Iris-virginica,2
3.8171443476785163E-16,6.563462534108015E-22,6.482940963769585E-10,1.156544297655902E-9,Iris-virginica,2
3.75557750336112E-16,7.032281286544299E-22,6.61800223384812E-10,1.156544297655902E-9,Iris-virginica,2
4.4328127908524685E-16,7.032281286544299E-22,7.833553664554914E-10,1.0280393756941353E-9,Iris-virginica,2
4.555946479487261E-16,6.563462534108015E-22,8.238737474790513E-10,1.2207967586367853E-9,Iris-virginica,2
3.8787111919959103E-16,6.563462534108015E-22,6.888124774005182E-10,9.637869147132515E-10,Iris-virginica,2
3.75557750336112E-16,6.094643781671728E-22,7.563431124397848E-10,8.995344537323678E-10,Iris-virginica,2
3.940278036313306E-16,7.266690662762441E-22,7.428369854319315E-10,1.156544297655902E-9,Iris-virginica,2
3.6940106590437233E-16,7.032281286544299E-22,6.482940963769585E-10,1.156544297655902E-9,Iris-virginica,2
3.570876970408933E-16,6.329053157889873E-22,6.888124774005182E-10,1.2207967586367853E-9,Iris-virginica,2
3.8787111919959103E-16,5.860234405453585E-22,6.753063503926655E-10,1.2207967586367853E-9,Iris-virginica,2
4.001844880630702E-16,7.032281286544299E-22,7.023186044083721E-10,1.2850492196176691E-9,Iris-virginica,2
3.632443814726329E-16,7.032281286544299E-22,6.888124774005182E-10,1.156544297655902E-9,Iris-virginica,2
